7.671618519578123596e+01
1.743722169350883178e+02
1.208911923944450280e+02
1.513595738164960949e+02
1.270951922870930417e+02
1.732862955125059727e+02
7.090330026638989125e+01
1.356471135850651990e+02
8.740647303034674565e+01
7.504044669581226401e+01
1.430518915285352080e+02
6.838407484515414581e+01
1.194745591461527425e+02
6.680130377173401257e+01
7.739569018439721049e+01
1.069525372917889285e+02
9.679168152126032965e+01
7.017217749177078190e+01
1.432628047574870607e+02
1.264602098124085074e+02
1.276104294866494797e+02
1.026790248319341146e+02
1.110316801004689182e+02
1.007365129762263223e+02
1.387082680097959155e+02
1.592483871692039372e+02
1.378008469769351336e+02
7.234837385855203706e+01
1.498788864691692027e+02
7.917287319498240095e+01
6.294287934767622517e+01
9.343481940489368753e+01
6.301958894049424487e+01
1.897924361291340460e+02
1.291557871181148300e+02
1.647425649191527555e+02
1.676429321915580601e+02
1.601586185601056513e+02
1.369068961311881480e+02
1.231246103427754548e+02
7.794035776404476223e+01
1.121674908021147274e+02
8.017599297120673896e+01
8.405482450323202670e+01
1.515752179962362334e+02
9.592109682937396542e+01
1.109172530872358493e+02
1.147237895843322235e+02
1.196190278827695579e+02
1.077604796042220698e+02
9.556228356205647856e+01
8.832378239842063294e+01
1.207264977557314296e+02
1.340035348925758569e+02
7.566160416971720792e+01
1.120851190465614451e+02
1.667712644421707751e+02
1.046247917227024544e+02
8.978018288236293643e+01
1.528344396943154493e+02
1.180045180492892882e+02
1.146251383805074227e+02
8.325419493515917679e+01
1.234980573258558820e+02
1.469072782942526487e+02
9.723648615114716165e+01
1.689191303872375158e+02
1.552267590827188144e+02
1.259912169499110632e+02
1.367894230383128615e+02
9.575916749389715221e+01
1.581886284873147872e+02
1.508301591521389184e+02
1.952810917751256170e+02
1.410866552499938678e+02
1.179657745454671698e+02
1.201397253428319374e+02
1.685310860138601470e+02
9.097648209924358298e+01
1.189568730146218343e+02
9.201074977273903244e+01
1.563251870841854156e+02
1.401306309015300826e+02
1.274218158931247586e+02
1.117009551828155054e+02
1.198934810639503610e+02
1.697078270351316860e+02
1.243796786116442377e+02
1.180373170093683939e+02
1.477599369203602464e+02
1.164725418622437019e+02
1.106040180319001962e+02
1.595864909693374614e+02
2.776908253346421418e+01
1.648717527601646111e+02
1.193549948588567702e+02
9.388614990405936567e+01
1.084705935245053183e+02
1.417260123297884888e+02
1.145351169672141083e+02
1.335879557679673724e+02
9.701414359228334661e+01
1.559054820694834973e+02
1.253701243098404348e+02
8.847178117295922561e+01
1.414315640281707829e+02
1.359634399645299254e+02
8.332237217110923666e+01
1.621214517038417853e+02
1.108230931879624137e+02
1.195170222199056127e+02
1.022476568106467312e+02
7.441272848101723980e+01
1.270285582877525030e+02
1.267828344485310765e+02
1.444594807960120875e+02
1.120882785732987657e+02
1.315170174976971111e+02
1.341532144210952993e+02
1.462629065538467046e+02
1.238551123651386945e+02
1.319278560276253813e+02
1.388522214331642886e+02
1.298997687775304257e+02
1.184880892759984619e+02
1.235184016492456323e+02
1.287580847282954437e+02
1.273761506208974623e+02
1.062474282660115534e+02
8.867232553515621873e+01
1.392207601857314501e+02
1.359721377983347566e+02
1.250748479951470955e+02
8.552218442101508344e+01
1.015245226833458076e+02
1.371996045761364655e+02
1.537255673955166912e+02
1.033915646956950383e+02
1.487789493889040386e+02
1.016753743315946963e+02
1.312785725550390907e+02
5.723421357626748573e+01
9.504989140300563122e+01
1.703390844565282691e+02
1.511586407184925065e+02
9.615038410593471951e+01
1.597802692863668028e+02
1.120864917876540261e+02
4.730071451135813732e+01
1.359284383975426636e+02
1.322665450261016247e+02
1.300863087983683783e+02
1.326630136196803562e+02
1.299006574820239734e+02
9.969079718416014657e+01
1.084517044141950777e+02
1.103868503319503418e+02
1.517928536714061636e+02
1.261872981776365208e+02
1.184461501119006783e+02
1.333032017021441789e+02
9.277089187174578910e+01
9.243740613817324459e+01
1.411518083935864070e+02
1.801282770025110267e+02
1.261566601174158535e+02
1.350601219652610610e+02
1.478521608880303688e+02
1.581652291699448369e+02
1.199812389291209342e+02
8.469493966239343763e+01
1.026821718505330665e+02
1.197330640932925121e+02
1.450405774553837261e+02
1.043642691194850443e+02
1.712080895034863772e+02
1.529547248733278479e+02
2.250494668638977487e+02
7.482890091564914314e+01
6.723964282669174963e+01
1.275831590068879535e+02
9.680113905010301778e+01
6.007791724007248035e+01
1.423154741998488362e+02
1.363450176089983756e+02
1.570885484446982332e+02
1.571637102607451482e+02
8.309015407209932391e+01
1.130829352783001980e+02
1.486430385746631941e+02
1.109000796685765238e+02
8.712837390567412399e+01
1.460939117697306528e+02
9.729908787609120679e+01
1.438055024264242263e+02
1.417639787637397149e+02
1.223365840958323787e+02
1.143189594845809296e+02
9.529987173186961513e+01
1.008688177976971332e+02
7.196783627539642225e+01
9.561172446082417764e+01
1.099189058710826430e+02
1.063689441378939620e+02
1.241533942066265155e+02
1.375951901364208823e+02
1.089123689292480037e+02
1.747121336310122501e+02
1.095698465375696458e+02
1.269045383677155030e+02
1.032668330594439254e+02
1.388350380330209930e+02
9.629846707987559284e+01
1.187135452035060581e+02
1.340338579092744453e+02
9.210541601932688138e+01
1.175128048229223907e+02
1.383288496564725847e+02
1.346656951727996727e+02
7.038415690758796472e+01
7.507986062241960212e+01
1.551987991053581482e+02
9.642892092958533112e+01
1.386744465557845274e+02
1.445817459782058449e+02
1.575192569271650314e+02
1.349114522676323986e+02
1.298185804794640603e+02
4.588860437387458546e+01
1.141013046197760445e+02
1.281050253353170376e+02
7.769672531205749522e+01
1.207022618769091906e+02
1.232663242583909096e+02
9.177497354806993712e+01
6.799267986077396131e+01
1.240504579855583955e+02
1.560355883991190638e+02
1.567484681295799192e+02
1.324669956224788052e+02
1.222417776241314442e+02
9.632989669708945257e+01
6.305589939546639044e+01
1.373189253337229729e+02
1.069120277491072954e+02
1.127445844878433121e+02
1.382344100512208058e+02
1.167266944308892107e+02
1.059224157195133955e+02
1.698566585043689940e+02
9.993441615195291661e+01
1.103395851579131772e+02
1.559306561501639408e+02
1.346317494290499894e+02
1.540089522131668502e+02
1.376677916348783128e+02
1.190477117159866651e+02
1.740149288938584107e+02
1.368522746130099108e+02
1.117484985576289773e+02
8.951579983438085719e+01
1.145291797324176315e+02
1.761540973718734051e+02
9.138600900683292139e+01
1.096350047501140494e+02
1.053879254469802618e+02
1.180189281751213173e+02
8.724092474152112686e+01
1.321411279142667468e+02
1.491321882553077103e+02
8.982598214082187837e+01
1.048363262189294574e+02
1.249196865177314351e+02
1.066525181409650287e+02
1.112703947031265557e+02
1.245913705919450365e+02
1.629594546041051331e+02
1.335982245851183734e+02
1.328162135198114129e+02
8.913891133024780800e+01
1.136899146365301476e+02
1.061218656471971826e+02
1.091720712708695089e+02
1.102532946117866715e+02
1.629557478445721017e+02
1.420583225446337678e+02
1.523545121311033199e+02
1.359762613701683165e+02
1.411349721255945440e+02
1.529862280393029721e+02
1.840787272804245163e+02
1.316287660180459511e+02
1.212637489409670621e+02
1.410633794779335801e+02
8.588813436420394964e+01
1.224495683721500399e+02
1.114287117200994857e+02
8.050820514430661490e+01
1.276353838560644078e+02
1.652399020122668958e+02
1.538838228728604918e+02
1.064250216536702283e+02
8.966981625083364804e+01
1.687888990885974465e+02
6.704010091582733821e+01
9.494082154878120150e+01
1.509494039110423103e+02
1.142142784284759642e+02
1.208675302406843031e+02
1.488381982999248407e+02
1.523073052305673514e+02
1.145171198077128878e+02
1.640883950008158649e+02
1.649084868451463421e+02
9.690778369028788575e+01
1.054954018093530692e+02
1.048520873263798876e+02
1.358127665422600501e+02
1.185818997582405672e+02
1.001332638573962583e+02
1.217367630027939640e+02
1.126476690033532861e+02
1.906164378353399798e+02
1.203022822380422809e+02
1.091558489627223594e+02
1.271679959394583932e+02
1.598819878811269746e+02
9.907152246957708996e+01
7.980461533615479652e+01
1.051683541503830668e+02
1.364773798844467763e+02
1.060335228966550147e+02
1.232702983898224858e+02
9.257202208004520116e+01
8.320668445578249361e+01
1.239363552211768393e+02
9.206873246716341441e+01
1.321712815101613785e+02
9.661056843900783520e+01
1.080568399135200650e+02
9.395770044582590685e+01
8.211631230174903351e+01
1.582209613730504429e+02
7.472975953379847169e+01
1.045950246616040147e+02
1.517408577266431564e+02
1.079518558823933887e+02
1.138364183036768367e+02
1.385804653319411273e+02
1.150306671131263982e+02
1.230405144554118806e+02
1.816993215734153750e+02
9.437235737995368368e+01
1.102867164335408603e+02
1.120455180590130482e+02
1.501293844000595072e+02
1.858564420598314086e+02
7.826114763831307641e+01
1.344498805417680956e+02
1.718786555896029995e+02
1.108765771428384852e+02
1.194287216813921475e+02
1.284990460650374757e+02
1.250282337481317541e+02
1.264491789902160690e+02
1.162072309860742649e+02
1.386497524799059704e+02
8.192175896992051776e+01
1.370832876501367537e+02
1.252607916468243161e+02
1.175488488516265022e+02
8.549016200952902977e+01
1.297978039257014871e+02
9.850032915703431513e+01
1.439910480422460921e+02
1.178264551444809030e+02
1.690930517215672637e+02
1.422180487418841892e+02
2.097486594133513336e+02
1.997244464428014226e+02
1.367653653892385819e+02
1.644815876160753589e+02
9.253028408289276285e+01
1.563014500730897680e+02
1.322034679784971729e+02
1.002438355804524832e+02
9.993426641198095695e+01
9.144752702844806436e+01
1.235485489063476905e+02
7.823659203295294162e+01
1.386141522548815033e+02
1.313055838592330531e+02
1.401677194488595148e+02
1.357237421278537113e+02
9.837625816462094974e+01
9.490280906273193295e+01
8.809665194022059609e+01
1.444525834344157715e+02
1.107427734166747939e+02
4.152121113833105426e+01
8.613239082254406753e+01
8.590705605361542041e+01
1.034311825447502144e+02
7.141886931379127645e+01
1.067448525032624218e+02
1.199799237542339796e+02
9.278197035191311670e+01
1.434787994882897806e+02
1.279087431186326853e+02
1.628875188273332242e+02
8.303395397643797082e+01
1.224836394666606481e+02
1.760685533055500969e+02
1.159959274363945809e+02
7.560282802229193067e+01
1.527015730540448999e+02
1.465601094330783383e+02
1.226973261958554673e+02
1.044494419416114113e+02
1.041108663947837556e+02
5.444164354265269878e+01
1.643495685590793016e+02
1.595314839805709823e+02
1.190156720827281163e+02
1.392601710072134722e+02
1.378024190948225112e+02
1.270467383924527809e+02
1.191558606106773084e+02
1.097126409767226534e+02
8.611121442239351609e+01
1.536457561372759528e+02
1.319590623962068037e+02
1.318587647278388602e+02
1.612692683738936807e+02
9.168290125419765957e+01
1.665872408461721079e+02
1.091496734872010421e+02
1.386714838169436064e+02
1.348884514590120318e+02
1.032376947872909057e+02
1.383086589118233860e+02
7.271751458029865489e+01
7.644084561716441328e+01
5.904837453086675936e+01
1.077403561834721586e+02
1.568012446187120474e+02
1.173850415528225710e+02
7.870023043374735039e+01
1.356879042728866409e+02
6.500382128551414951e+01
1.544959656563527517e+02
1.764500030421943393e+02
1.032945892066526881e+02
1.112755213641885774e+02
1.499569840994894321e+02
1.461821640864559413e+02
9.302086442058394766e+01
9.946786121876517939e+01
7.290962801335862764e+01
9.781790935179486723e+01
1.108276466536077862e+02
1.178034678533733199e+02
8.687319887025557819e+01
9.929797840595497860e+01
9.717079224181712505e+01
1.199973188623863791e+02
8.963411332346029781e+01
1.602431550240749516e+02
1.374668187183560804e+02
1.365077875806449583e+02
1.218927798215478475e+02
1.699915403255076001e+02
6.549041880941355487e+01
1.414741802514593019e+02
1.025616860141345796e+02
1.403676960351150171e+02
1.510726150204691294e+02
1.188112845767392542e+02
1.318228350283036150e+02
1.474370191713856002e+02
1.196115002347017935e+02
1.186879658234491330e+02
1.433171466824175297e+02
9.572451972032556000e+01
1.648826088159723326e+02
1.259134842122573588e+02
1.140817623065034354e+02
1.138320256913797266e+02
1.325379383562291196e+02
1.457923334567775839e+02
8.177301841054045894e+01
1.386331592443703755e+02
1.444253679113802775e+02
9.477378504813162863e+01
1.358850704346949385e+02
1.475593120360525461e+02
1.280974640996442133e+02
1.114125750329057638e+02
8.404814767288273458e+01
1.594297336475481188e+02
1.143145233529111096e+02
9.695859876939324806e+01
1.019676100433599260e+02
1.132683449345899049e+02
9.376293542708167195e+01
1.547169046241560864e+02
1.376355659881209021e+02
1.055428907745542517e+02
1.046222560617759001e+02
9.179987732994189287e+01
1.508080853699233330e+02
1.400738016394979013e+02
1.530782919541564411e+02
1.453051552544027629e+02
1.263100796645599502e+02
1.253688496001136343e+02
1.314987009676556227e+02
1.632532112724303488e+02
1.099975191599173883e+02
1.244437473542106005e+02
1.431898483456145925e+02
1.132609391685309390e+02
1.041922804162521601e+02
1.042830783951723106e+02
1.340031520886551277e+02
1.299192891063412105e+02
1.492259829101546416e+02
8.740639681975056874e+01
1.303136889091490787e+02
1.074415782058709681e+02
1.194643056121988423e+02
1.305206688297716084e+02
1.009532672595423151e+02
1.212415600229052757e+02
1.102097258111702303e+02
9.057384930737521245e+01
1.115130474225876185e+02
6.519232294045183096e+01
1.507238794762151315e+02
1.814947668616646013e+02
8.322613935020075360e+01
8.691953398511665796e+01
1.037311492404148510e+02
6.980782580522691205e+01
8.310408325134545748e+01
1.293986838507493360e+02
1.448988090997926577e+02
6.512382874524894305e+01
1.504773811206501932e+02
2.120762361224566348e+02
1.646017314096497728e+02
1.503026493827320564e+02
8.566858287344793155e+01
6.061036316581506611e+01
1.567589641209885656e+02
1.190010234114168952e+02
7.606445635775938285e+01
1.528406211579994931e+02
6.814294250764932315e+01
9.900384947401154534e+01
1.273454508006378489e+02
9.149491212135070839e+01
1.703035621625860472e+02
1.886543585641047400e+02
8.475787985966900351e+01
1.431581630874016753e+02
1.179312141606237105e+02
1.122228599131614857e+02
8.304737402766939169e+01
1.176506326447844657e+02
1.555204661741112204e+02
1.858788567342016620e+02
1.380301618361309579e+02
9.915825344596223090e+01
9.775522033949910394e+01
6.840698221113333943e+01
1.131982938657080808e+02
1.346122160463630451e+02
1.078011021938062868e+02
1.226801343231678487e+02
1.280639867328020216e+02
8.070844754795314202e+01
7.268870203235489669e+01
1.694193371396268049e+02
9.712439306754791346e+01
1.029583112254867245e+02
1.018405384006789944e+02
9.679969972979191084e+01
1.353684962705621331e+02
1.589695186775841478e+02
1.474739524861162465e+02
1.257897588781777642e+02
1.527258784107970087e+02
7.510492133080713018e+01
1.767535097986461494e+02
9.411498516255754510e+01
1.360445922880577712e+02
1.308988033462255771e+02
1.180941631421810314e+02
1.658769574039920087e+02
1.201287480883244996e+02
1.878473906148905712e+02
1.145274835608207127e+02
1.061440183234845591e+02
1.057410220064812734e+02
9.986083425175868911e+01
1.614058805518469057e+02
1.560464265848206651e+02
7.766695509977344614e+01
8.556795823905386555e+01
1.240054259321106116e+02
1.732887523654763413e+02
8.374472902089465265e+01
1.342500150800694882e+02
8.062784031321936595e+01
1.724821839255321834e+02
1.028703664929067259e+02
7.930358669293136131e+01
1.524606685027119681e+02
1.275528608027339175e+02
8.547191252394711114e+01
1.229639931675389306e+02
1.265799870534157066e+02
8.750003214979247446e+01
1.715328074410647901e+02
1.354665944800163686e+02
1.180363667171090754e+02
1.235267484197005388e+02
1.204716025887944539e+02
9.345007178563203354e+01
9.995129935199072690e+01
1.034248953503638688e+02
1.132684053655635097e+02
9.190259196014967813e+01
9.603776390011076103e+01
1.052859855346251976e+02
1.111164512058483496e+02
3.963926297336477944e+01
1.414351340355621574e+02
1.479638945909752010e+02
1.371144613724289911e+02
1.442549496077506603e+02
1.991451204846092082e+02
8.215558528037684027e+01
7.745785277791370049e+01
8.798122401257279535e+01
1.002805386822680873e+02
1.259727214608944195e+02
6.625566629613598479e+01
1.064514243974764298e+02
1.158934923900139040e+02
2.007060443266581160e+02
1.200996825284308329e+02
7.945652593812684472e+01
1.722098280595289452e+02
1.690180501254729961e+02
9.141426581484869018e+01
1.436374314747459380e+02
1.038002499037802409e+02
1.451647998552743388e+02
1.522444515709250368e+02
5.069268593906920728e+01
1.047672712387800544e+02
1.734775631250046217e+02
1.032660990501863694e+02
1.284950770405322658e+02
1.581270810776698283e+02
6.873010776857539383e+01
1.241966838556773496e+02
7.221415208502486394e+01
8.321198197708581290e+01
6.637450738084815782e+01
1.509252234364748801e+02
9.976633867081471863e+01
1.278067771679635882e+02
9.451993350691071782e+01
1.321341998987917918e+02
1.190486133271273985e+02
6.688384776215399086e+01
1.500946256816046116e+02
1.663001928711498181e+02
1.078053390816077552e+02
1.105295591869962379e+02
1.418941997574007985e+02
1.445996000404293795e+02
1.303847119517573674e+02
1.490630438747599271e+02
8.144973342457623744e+01
8.412054658978934185e+01
9.506265382944016551e+01
1.385947377627437049e+02
1.782275769633545224e+02
1.444796678746187126e+02
1.457003109504205440e+02
1.176924608177618552e+02
1.302352083076385156e+02
1.813984014158600075e+02
1.204533245374575756e+02
1.156401987319215863e+02
1.385350850405437200e+02
1.227377430117631718e+02
1.332561893164894116e+02
1.509390242527117891e+02
1.517335065275695172e+02
8.417000849265521367e+01
1.201823198495240064e+02
1.413804070581242911e+02
1.441483164316421153e+02
1.131550441597049144e+02
1.345778113879742364e+02
8.196956745561476509e+01
1.314885086898088957e+02
1.512713791404083850e+02
1.203990673103284053e+02
1.344559604858735895e+02
1.129023599948833549e+02
1.422231468997701995e+02
1.109511461750621066e+02
1.043060749397294984e+02
8.923867025588261015e+01
9.739590226991404620e+01
7.706020375292227698e+01
1.626840496294527725e+02
1.061767252646948094e+02
6.904410250427893914e+01
1.386937825707416891e+02
1.179078407631992604e+02
1.285437219057850768e+02
1.313936608676373226e+02
1.056219798228563462e+02
1.936975663785754023e+02
9.386308166960458266e+01
9.132465191029447737e+01
1.900815630436596280e+02
1.873065274542462362e+02
9.264315992693971680e+01
1.897839512096456929e+02
1.422082906500973252e+02
6.303049512206506932e+01
1.258117709383093370e+02
1.078057150385003524e+02
1.036212430278333869e+02
1.373105145824723365e+02
1.519644223661371427e+02
1.324566906535069961e+02
1.424094452546628986e+02
8.224040053910988490e+01
1.429314296339291559e+02
1.308755834847169410e+02
9.462663656359153208e+01
1.089469570231620565e+02
1.458301493267770468e+02
1.406861296499631635e+02
1.623533767545318938e+02
1.077718259957118505e+02
1.359610438832301895e+02
7.220474804882069009e+01
1.161395549183247482e+02
1.228853117213833173e+02
9.939658579272492034e+01
1.340280646141665954e+02
9.869463632548996657e+01
1.091865888315730757e+02
1.314825500422304003e+02
1.218573017557176712e+02
8.199037555904317287e+01
1.223762650877413165e+02
1.224549240043268696e+02
1.182689058293426712e+02
1.139688543918929184e+02
1.336150292680215159e+02
1.664905023209446995e+02
1.439231774303621592e+02
1.184507204394591895e+02
1.523537660145205450e+02
1.557365588553696796e+02
1.388564014443813619e+02
9.014912453136088288e+01
1.176069252972661019e+02
1.496134721259242610e+02
1.547969479023224721e+02
1.347489624994240387e+02
1.386717936504950330e+02
1.592069063284439778e+02
1.227362196861085550e+02
1.429732639482674017e+02
9.911943860170282505e+01
7.598560908917403367e+01
1.094040645117988220e+02
1.368509855490070777e+02
1.380161322579020862e+02
1.580485395989304607e+02
1.519024549443121543e+02
1.307118505612118611e+02
1.727966438443104380e+02
1.041134445304485183e+02
1.218096148546687232e+02
9.306323814240626291e+01
1.099880210976332364e+02
9.668822892452075735e+01
1.295080817179972428e+02
1.194376849785171260e+02
3.967559052662483055e+01
9.320136039237991099e+01
9.882457473805921211e+01
1.511928170847154718e+02
1.369894625100976953e+02
1.171755402316737076e+02
1.449715849144817810e+02
8.397525919332822752e+01
1.375792689147391741e+02
9.327606896305080397e+01
1.392370053499555240e+02
1.003881846839391017e+02
1.571362971376917699e+02
1.318021387928713750e+02
1.752869147418064131e+02
7.193022044331004849e+01
1.448857463530027303e+02
7.064578253513934669e+01
1.420907479136629092e+02
1.375207406425090539e+02
1.206666821752587282e+02
1.053420809630290620e+02
1.232217019489277305e+02
1.434677890535933216e+02
7.094904352510410206e+01
1.179219420886481089e+02
7.886960231751949379e+01
1.027282297868339782e+02
1.356566407151134399e+02
8.806133257990330776e+01
1.243858539533567296e+02
9.649658260281384514e+01
8.468343100296942794e+01
1.324265151959959042e+02
6.509979423835879686e+01
7.506069528148199765e+01
1.181693755658298528e+02
1.311288794488561109e+02
1.354438964080103176e+02
1.591758565109068115e+02
1.531482413780827869e+02
1.803282963579851241e+02
8.507253952025421029e+01
1.046648172691948560e+02
1.197191180093391552e+02
1.627400084872418802e+02
1.605750003213741195e+02
1.689488103698685109e+02
1.379954040915995392e+02
1.401987398489342240e+02
1.327993679953937090e+02
1.336707483976381354e+02
1.651765166559276850e+02
1.072584329633313303e+02
6.506190033909373938e+01
1.020213673771868343e+02
8.902932033459291006e+01
1.457436942122121764e+02
1.181230484916983841e+02
1.130641083926003461e+02
1.223736956928489406e+02
6.452174204802820157e+01
7.270749993555941160e+01
1.447433863787132111e+02
1.114877653854093182e+02
8.688956627751409201e+01
1.334325083990197811e+02
1.222939609506409937e+02
1.370695074770402471e+02
1.243244145788969348e+02
1.206647364438279624e+02
9.709256126593876957e+01
1.104037624738790839e+02
9.425629677018179109e+01
1.519145758713221142e+02
8.198858796454334197e+01
8.859392246298256168e+01
1.298946273940770766e+02
9.137596324677568305e+01
8.294492140794531565e+01
9.929602627313006735e+01
1.508931193485463496e+02
8.132801481445852687e+01
1.497551470841851255e+02
9.009620945268571290e+01
6.490851797046141769e+01
1.359862585894029792e+02
8.492776155773729840e+01
6.505793861009703960e+01
1.289399244827527866e+02
1.368460689742761360e+02
1.293561604082492238e+02
1.135817159143393553e+02
1.005944314360526164e+02
1.212155121781340483e+02
1.326088328182083274e+02
1.133705709891161462e+02
1.207472392643898473e+02
1.692445771934094694e+02
9.185169413251325921e+01
1.612567496174426083e+02
1.634721708454496536e+02
1.173171998463602819e+02
1.369591245133344160e+02
1.591892436390382102e+02
1.651167733412002576e+02
1.246773034251782661e+02
1.239135729928766523e+02
1.219964774502216187e+02
1.275302793209068000e+02
1.125331779692923959e+02
1.060232328928887284e+02
1.220967204847812724e+02
1.016167603981521097e+02
1.353051646317634322e+02
6.367048965657229331e+01
9.964995795353513586e+01
1.347515593560916898e+02
5.457343253877796485e+01
5.408051865493214905e+01
1.347705421845984972e+02
1.521580350277822617e+02
1.243795151021692220e+02
9.624169650459384684e+01
1.092789034401881310e+02
1.306861650264740717e+02
7.821404436025576956e+01
1.508850616180321254e+02
6.706395444333203670e+01
1.200779107972784772e+02
1.062441468550077559e+02
1.577748259670315463e+02
7.905125081261093101e+01
1.261686356218402949e+02
8.342779003228258716e+01
1.448500203697465452e+02
8.442891877576363413e+01
1.298398731932722399e+02
1.303959941866255576e+02
1.580282474544439992e+02
1.526855945348974330e+02
1.472687758206361650e+02
1.523095542841054453e+02
1.754812532980843116e+02
1.236156395230364069e+02
1.003369357859950952e+02
1.635123800255270794e+02
1.261156456934627812e+02
1.135512906500310635e+02
1.331242568014708922e+02
1.054589140429565219e+02
1.642278420572015705e+02
1.347631650846560376e+02
5.314739434582439515e+01
8.660623442472892464e+01
1.410689981177976620e+02
1.034772417025519644e+02
8.143861879005609694e+01
1.382305352715590629e+02
7.162849779951190499e+01
1.518469933335920246e+02
1.068326450544461466e+02
1.527137169129720178e+02
1.096124462729543296e+02
1.642344607717042777e+02
1.227096297225767927e+02
1.224659716302010395e+02
1.006942639006543487e+02
9.301866580532701789e+01
6.940060888389649563e+01
1.488849600082285463e+02
1.006699587180975612e+02
1.473392568184017364e+02
1.276680188540750862e+02
6.800437825862682928e+01
1.561751046687027156e+02
1.137465059667203207e+02
9.688119838676465179e+01
8.631813808244071140e+01
1.080110291861439720e+02
1.342426125246467450e+02
1.423512915212041321e+02
7.339564563232298156e+01
1.082073941731957518e+02
1.176155436063320394e+02
1.435208481662571103e+02
7.499103898842966487e+01
1.642648046355374447e+02
1.009416990311833899e+02
8.774925740763858073e+01
8.112289446951774607e+01
1.631874170830097341e+02
1.072246602799220057e+02
1.430098778574486289e+02
1.305740786437912391e+02
9.203327693730747683e+01
1.427957506208109351e+02
1.624636823240080048e+02
