6.551484199554862187e+01
8.974933484953530183e+01
1.100237724580873646e+02
7.025792653325002846e+01
1.365418745629644661e+02
8.174182953761837211e+01
8.680660866327411895e+01
5.277818897708066004e+01
9.965785851248801919e+01
1.279760287668574392e+02
8.976625255023438399e+01
9.995312775445128750e+01
7.807310139934480731e+01
4.848949932169484356e+01
8.380050500512913914e+01
7.170311134481468684e+01
9.451329368998803204e+01
7.796194160783583982e+01
7.198411239914767634e+01
9.531270990882126171e+01
5.433043928060614292e+01
8.442146382065098464e+01
8.500146412394501283e+01
1.093671939800741768e+02
9.171972468847204141e+01
4.050998541664340991e+01
7.325791974926039529e+01
1.205329999751453158e+02
7.129327939748800702e+01
5.520734672099126783e+01
8.817802369200946089e+01
6.871403114435155146e+01
9.740465806270935900e+01
6.027281816724466523e+01
6.320471930641686242e+01
6.158436390025971008e+01
9.474992409018040007e+01
8.979664036790282466e+01
6.517102640816656844e+01
7.607290821239639911e+01
8.147806497980847951e+01
6.009513251850818705e+01
7.603398880618111377e+01
9.898319488300403179e+01
3.749267672829790854e+01
8.950112287724822124e+01
5.674472158809346922e+01
7.528773379337000904e+01
6.357752382752612164e+01
8.625450341934828202e+01
4.970540980589862556e+01
7.717088933455445954e+01
9.144711444238654963e+01
8.017860185086233571e+01
6.498303180973995552e+01
7.046845590292353734e+01
6.126247748634669676e+01
7.984932060940676024e+01
9.630774082029195426e+01
8.139549927937814289e+01
1.221554688191069573e+02
6.881549814030044843e+01
9.967745979328617523e+01
1.061186132460154710e+02
6.203872453596633818e+01
9.616408542994959419e+01
5.588529771776652666e+01
6.476887761237497898e+01
9.116913159913187314e+01
1.032600930766756449e+02
8.947173571966975203e+01
8.839286142265410717e+01
2.868444300792116763e+01
1.270461095270016898e+02
1.210965132011181709e+02
5.543972189234465020e+01
1.147716417142820688e+02
8.924434683333552698e+01
7.129449463473304149e+01
1.064970684022619736e+02
1.109662094646296566e+02
7.353316486860336454e+01
6.078010514445358581e+01
7.956534091160146716e+01
1.153210503939783393e+02
5.675534215030430119e+01
7.886948255510617400e+01
9.206105374989303414e+01
8.835276325275955855e+01
6.620738410347379954e+01
7.225019085499701532e+01
8.090378310268060602e+01
1.200446333771693475e+02
1.045332785147271863e+02
9.210975118623065327e+01
6.849782963169711536e+01
6.315829826574036332e+01
8.132779731258919753e+01
7.611466392722638830e+01
6.520362069411075367e+01
7.573732478063989504e+01
1.004710820187033846e+02
9.354139430296535807e+01
9.552465125267534063e+01
6.598867698452750119e+01
8.655040426193083647e+01
8.697524930279209343e+01
9.967522824940435555e+01
1.027455664018140169e+02
9.543242113209258548e+01
8.986686164316971315e+01
6.959549701023931334e+01
8.595062277891086921e+01
8.821685882900146680e+01
6.202939970231847866e+01
8.777775490070312969e+01
2.358592741905370360e+01
9.883587379824297159e+01
9.692830244326758304e+01
6.685874321098688711e+01
9.556934176069384534e+01
5.810385550620532058e+01
7.590764010242830295e+01
8.801039546761812460e+01
5.673301030128779843e+01
8.158336275404997195e+01
7.099457898086691898e+01
6.311474242666186996e+01
8.382008931718104350e+01
8.951595653228649496e+01
9.841615979915304990e+01
4.771194815933255029e+01
8.337457445511132903e+01
9.294818446611949980e+01
8.264372007796653463e+01
8.197937026090369272e+01
1.031493792024205618e+02
8.297659156244215239e+01
7.292651513955054554e+01
9.417474784943036070e+01
9.727072398097362793e+01
6.746373087831958060e+01
9.351153907476815164e+01
8.025406884894997006e+01
7.301034651331210057e+01
7.394374485684267029e+01
9.654967029760578612e+01
7.174450353305805095e+01
5.328139098771603699e+01
8.653565678028337516e+01
1.026805617827800461e+02
9.973323906745383738e+01
6.851764290240059552e+01
9.540962637655553635e+01
1.062813531080833940e+02
1.141639918518441021e+02
8.422500096300882433e+01
9.041536395093817191e+01
1.196007641936037373e+02
1.134851050668593047e+02
7.586273230034751691e+01
4.867610181694533367e+01
7.467425226338755806e+01
5.356588650466866852e+01
8.623400116808625171e+01
9.232203066947766956e+01
8.722483762567307508e+01
1.061217642020211116e+02
7.396079847221361092e+01
9.276074895816300625e+01
4.244949067988309821e+01
8.806223844862073236e+01
7.591996526716948779e+01
7.567850334282476865e+01
8.063990457073450102e+01
8.554618666718582176e+01
5.794796421826693233e+01
5.289190692590165099e+01
1.031791780373474978e+02
8.041445867061197816e+01
7.617495318306140462e+01
7.341777312544388678e+01
8.620355589592263357e+01
1.037473771343556450e+02
9.164443679014576105e+01
3.712363628512046887e+01
8.937421495383925674e+01
5.939930439553451436e+01
9.016516245149193765e+01
1.086046833877134929e+02
7.788748022103216329e+01
6.353857468876884695e+01
4.215188991780939887e+01
7.066013077991091507e+01
7.111557731457973830e+01
4.956886096369202477e+01
1.003249220878977042e+02
8.697776301027980139e+01
8.216084688338740705e+01
8.764813996702540067e+01
1.066814588838419979e+02
8.408162144364634116e+01
6.951180141609509633e+01
8.609540001376402074e+01
7.203078492652886666e+01
4.554343852098068623e+01
6.982400708319846672e+01
7.045414855244776220e+01
9.502213320794807316e+01
8.209891984066712212e+01
1.137082858446983380e+02
3.324601684013632052e+01
7.887638131986729206e+01
9.353440782364346262e+01
7.498796509811566580e+01
1.096198963442471666e+02
1.112418625663472653e+02
8.350596788849765062e+01
8.462641545940702770e+01
9.676923268026537528e+01
6.728632082398074488e+01
1.077083120826816014e+02
4.548832469104637966e+01
9.775622224809337979e+01
8.348038194783120503e+01
7.586378980529823934e+01
7.978887031573135857e+01
1.048608258476696022e+02
9.442467235781924728e+01
9.007708382057850827e+01
5.601410265557515800e+01
6.914237141515934582e+01
3.373948147740256331e+01
6.757687406492259186e+01
6.843209238737404121e+01
6.454441922174358126e+01
1.024373474675458340e+02
5.930044071758306501e+01
7.415202385498372450e+01
1.048379668255379187e+02
5.194164635927694462e+01
1.000558105831276379e+02
8.511987809704675101e+01
6.957532563265701242e+01
1.019910788874000644e+02
9.160660460050804943e+01
4.190128646399480772e+01
6.025638041026431324e+01
8.452972933529463262e+01
8.704635415604154502e+01
9.336792437094329955e+01
7.976257997080055873e+01
9.480614587056642506e+01
8.038848615725133584e+01
7.907977143894781591e+01
1.198896067516799633e+02
6.553021977220450367e+01
5.453135437213757086e+01
5.018781839168143932e+01
7.361303772568389547e+01
8.298392598577352430e+01
5.510106009176951858e+01
7.308466781883480223e+01
9.224724673417513543e+01
9.312768831972718431e+01
8.698730577117535745e+01
1.015418065493477542e+02
4.816458915639537963e+01
7.620244835598629152e+01
8.503933021581676144e+01
7.724341768748321613e+01
7.501809910303805395e+01
8.230310519506511469e+01
9.088733828041090135e+01
8.674986554389437288e+01
9.347055486044098416e+01
4.187882788729887551e+01
6.511167587977790561e+01
7.663641340536891278e+01
5.541285879984165064e+01
8.621268747164511126e+01
6.786122568213986028e+01
8.059576628001573795e+01
8.993457006998059455e+01
7.831239364079728205e+01
4.114043143050738394e+01
6.065397039860813777e+01
7.414550203332441924e+01
8.184053921603378967e+01
1.069539137713281605e+02
7.029655201076084836e+01
9.013127038465367491e+01
6.218074160679492479e+01
9.272750234617301146e+01
9.963276086090519357e+01
4.500783817923026220e+01
1.034984661446615632e+02
3.072945055992637009e+01
7.868754441658205678e+01
1.011447125501023550e+02
8.813122741393088688e+01
7.350120254497335281e+01
7.943595422104417025e+01
5.561682817976854665e+01
9.180962429272412351e+01
6.432699526880817587e+01
9.349189215192345159e+01
9.406740336377380629e+01
8.932213126059653518e+01
5.837999971335711535e+01
8.330261505761831131e+01
9.476747066419170551e+01
8.226798482265886037e+01
8.026664375881763647e+01
7.915277784118946158e+01
9.255006943619734727e+01
7.246787534840017031e+01
7.910893584829761949e+01
6.929765320081645541e+01
7.988731401259641984e+01
8.982426303607279294e+01
6.910749864423200961e+01
9.277708055146750610e+01
1.285840883159418979e+02
8.002196896397636294e+01
6.773896609056251350e+01
6.034063998904100856e+01
9.774831619793593518e+01
9.621075857545577037e+01
9.079594826255573992e+01
6.820437102462545909e+01
6.960997243711828730e+01
9.568061930424062211e+01
1.104554703848692156e+02
7.111942768421182848e+01
9.992118664957945384e+01
8.044366611553861901e+01
1.060380515292069106e+02
8.816576626635540492e+01
7.096782193690552276e+01
7.655801513554624194e+01
7.097758744578953838e+01
5.362348799854415660e+01
5.560686542360357976e+01
9.642575116383790146e+01
1.002131532305894979e+02
5.307901215946326090e+01
5.167455848203707092e+01
1.092412830637806422e+02
9.337956696190467198e+01
8.152867862000603338e+01
5.567505840594611755e+01
1.224110816138906443e+02
7.181707190788966955e+01
8.665075053905924563e+01
7.710875412538409535e+01
2.036228974093728539e+01
5.313694975777059426e+01
6.928032872617497162e+01
5.667534787220971282e+01
6.182808032557881717e+01
9.415258154472746810e+01
8.167930215535552918e+01
9.778006669958728025e+01
9.021139415250263482e+01
8.972438379889230475e+01
8.668506976244027840e+01
9.324653868876362139e+01
6.899069191801027046e+01
1.127651981321767494e+02
1.032062427664155422e+02
6.954870271846718310e+01
7.283146297772363198e+01
6.856984306144714481e+01
7.848435622706438153e+01
9.073104975297769670e+01
5.764668866589994423e+01
8.870148253437056951e+01
9.399321628124327788e+01
9.250238024214965549e+01
9.181474879459045724e+01
6.927722558171063838e+01
1.021997906223108430e+02
8.150121127996914083e+01
6.222385781570789476e+01
7.227639469347435863e+01
8.055872319944226945e+01
7.786453974882155649e+01
3.296051931161642301e+01
1.091513645991661861e+02
9.685499207012058775e+01
7.493815765260953299e+01
9.736911223494021783e+01
9.547424739079281153e+01
9.691144885224152006e+01
1.011474299857937922e+02
6.449194831856982546e+01
7.361688746231303071e+01
9.549382752422670251e+01
5.666751783719747237e+01
9.233647039001832013e+01
7.188233338961727270e+01
7.687244219101766873e+01
8.895714033020556144e+01
7.608681771582662634e+01
6.917611639461405559e+01
1.176080726907167104e+02
7.987791592091514303e+01
6.806649424027520467e+01
8.437465213115332574e+01
1.237942736831960246e+02
6.878233407603418925e+01
7.142036567519869550e+01
6.353009400570711307e+01
5.710059351542369654e+01
8.406956565764635059e+01
6.849941594123009736e+01
8.871262711404378365e+01
7.259369378240334925e+01
5.429742787652859448e+01
6.141005324903617435e+01
9.745376523654491052e+01
9.372050718638938349e+01
7.614188200744790436e+01
7.164701942617728037e+01
5.932497940805556169e+01
6.938592498538152142e+01
4.024336613894215731e+01
2.063954520464022124e+01
5.769015915368543546e+01
7.604219094349143404e+01
8.978362809163110114e+01
1.244329597350804164e+02
1.028628661357229248e+02
8.820901025956102615e+01
5.123722258261700802e+01
5.095624247902112103e+01
8.060037395470264698e+01
7.217858848146615003e+01
8.645698331747277621e+01
7.858181842916685866e+01
9.656581595221541647e+01
7.932709040777932330e+01
1.285188440286906371e+02
5.576767159585806155e+01
8.746936492193461277e+01
9.590385812396036158e+01
8.716140460426439063e+01
8.276769086579119517e+01
9.138726315396334599e+01
8.031964338523020785e+01
7.141835354165463912e+01
8.312525578172730434e+01
7.268065087927281809e+01
9.900219432097323136e+01
9.860228435946595482e+01
5.853977004585498634e+01
4.626787972927967729e+01
8.858844891365848184e+01
8.019054723939116514e+01
1.068521448830592675e+02
1.099222125733567736e+02
7.399319343145542405e+01
7.115625975439391482e+01
1.140492727247510629e+02
7.935089140984531753e+01
8.659552930157292394e+01
6.311377710304130062e+01
8.512944685335344275e+01
8.412611722756653876e+01
1.097668477552220168e+02
7.667752003155757734e+01
8.258455780945222102e+01
1.044778837814981500e+02
6.249745388815291847e+01
5.595290545826194517e+01
3.343802188285686583e+01
6.871423007248354509e+01
7.106653301873480189e+01
7.104365060971926482e+01
4.893078874403464340e+01
5.909511796857592714e+01
8.520372110313735448e+01
6.900519112575530301e+01
7.871722193163239467e+01
4.888866759676022866e+01
7.258118211986216295e+01
6.017277225750263625e+01
1.347300394304389499e+02
6.936343503806526201e+01
6.770968465633056610e+01
9.220527480377916163e+01
6.969749679688874267e+01
7.026056155589112961e+01
1.052568039966166253e+02
1.221110941365760567e+02
9.253584777264453010e+01
5.945254116766770380e+01
4.442151525567236092e+01
9.473810485816737526e+01
7.441186166004477798e+01
1.014694375804637474e+02
6.431049563567070493e+01
8.307969743706041754e+01
9.132296604391726191e+01
8.111217575826461257e+01
9.999454273992435560e+01
6.756050265950442224e+01
7.646435888587801344e+01
7.760790372541416104e+01
8.212952373228169733e+01
4.500184024430532048e+01
8.089921393427306384e+01
6.684135392260661490e+01
8.215415201575535775e+01
5.695471482087448578e+01
7.921737033554393292e+01
8.017035081578637801e+01
8.527952459900966176e+01
5.486826926575420771e+01
4.340249672648520374e+01
8.257430161374880129e+01
1.011724590774383472e+02
5.372092311952400223e+01
7.090739059791125953e+01
9.715941740276180383e+01
9.993008317689130138e+01
8.538881297960388395e+01
9.184653320032572310e+01
7.478623592356143490e+01
1.063271336339467155e+02
1.008706617303646027e+02
8.834948419692422306e+01
8.788746348662286323e+01
1.061852873241801802e+02
1.317731764078726542e+02
7.653858451779512961e+01
4.899140331241414970e+01
8.640428384181862498e+01
7.069071962385754659e+01
5.652659333617209825e+01
7.511015828358712554e+01
4.554154710026285358e+01
9.083977888497925335e+01
9.042242945491204864e+01
6.123722035523699958e+01
8.672518021474630245e+01
1.077480765627358181e+02
6.771209183802837117e+01
8.166213964785258383e+01
7.399995202450398324e+01
1.077200060925230645e+02
6.295742420759721369e+01
1.156925490363500302e+02
6.658196445306458600e+01
8.511817950527145626e+01
4.895733268425833984e+01
8.867356048432966986e+01
8.416636762984336428e+01
1.004697365130687814e+02
7.632689433028735948e+01
6.884457476217494332e+01
1.189731950542881123e+02
1.097971183823051575e+02
7.384674543579427564e+01
6.126661421300018873e+01
8.977483811159285665e+01
7.548050534643431320e+01
6.848797602531675466e+01
5.686923147555877023e+01
7.938991332160779280e+01
7.169802218009255057e+01
1.110703205527659918e+02
4.713926534933101209e+01
5.628986092334326941e+01
8.125736905362809637e+01
1.043849715142712853e+02
9.019201737179342615e+01
9.654179769390232480e+01
7.793873977992818425e+01
5.379859871470114285e+01
9.680041545230105271e+01
8.693693564166864007e+01
6.330507584982116498e+01
5.029163973729566806e+01
1.156697120093436837e+02
1.127103284498465001e+02
9.551166333464220770e+01
8.321114088634313077e+01
1.015960495035894695e+02
8.431729353951892847e+01
6.486978225172626367e+01
1.009544813976476689e+02
1.034464053856370782e+02
9.071840304850476855e+01
9.532041874483547872e+01
6.125152366891706635e+01
7.468407471518564478e+01
7.643267063267893491e+01
7.396017380160458288e+01
7.759788373865318079e+01
7.762906183820848582e+01
1.050317248179312486e+02
7.452755941102853399e+01
8.624107706946034568e+01
7.648941258756819650e+01
7.648871153282168223e+01
9.431228605156978517e+01
7.647998766348996469e+01
9.801970826553873906e+01
4.723178104404548350e+01
8.010264902118981922e+01
8.226708488863717150e+01
7.675468391809643265e+01
9.516129476621398453e+01
6.280233145213169621e+01
5.383905874047857054e+01
9.054672578783123527e+01
9.162727196004655639e+01
9.220427065018589019e+01
1.032977496102939199e+02
6.503328518090664545e+01
5.891567798702463676e+01
8.969399602520191195e+01
7.460301778339994883e+01
7.844321537481008022e+01
5.381780047782431353e+01
5.484153391684385781e+01
6.939044146814580927e+01
7.796788503884806687e+01
1.268754343506722648e+02
7.191485400285046126e+01
7.895789748357285021e+01
5.027657481969278308e+01
8.610028382914252632e+01
7.307989053447452932e+01
3.316900366835361780e+01
9.521125753070108999e+01
6.503830464982998194e+01
9.963822368090831105e+01
9.904010264987670098e+01
9.468799869997855012e+01
9.060377250905312962e+01
9.792964038385811421e+01
8.712343840642748205e+01
8.365190549339831705e+01
6.988527470885679804e+01
1.045175864415625995e+02
9.315257615372203759e+01
9.668523736415181702e+01
5.984516844405949598e+01
8.470496389672476312e+01
4.764824086721117169e+01
9.354003253049019406e+01
8.456071902468015367e+01
9.734261512496910029e+01
9.156551714747834581e+01
5.599839989200700074e+01
7.990338756628615613e+01
9.780199112416917728e+01
6.771553062557757130e+01
8.756422233322039972e+01
7.794547392757750970e+01
6.863027382304333912e+01
6.826191805235623633e+01
7.346239648942712108e+01
5.515530747711326853e+01
1.171932221702014658e+02
9.525790746412509691e+01
7.584437502304477619e+01
9.385453940622927860e+01
7.523389618637213516e+01
7.127551643466024700e+01
9.181622982332652327e+01
8.442142679195028165e+01
6.006770497603476855e+01
8.263203974083997139e+01
5.132149215035570933e+01
8.514955687890198988e+01
7.682648459874988589e+01
6.125542377604169531e+01
1.111072137353280880e+02
7.385710477043109279e+01
1.264495825351707197e+02
6.546166126296201071e+01
6.537339437556684629e+01
3.367690009558987896e+01
7.708105349242762827e+01
7.775099026821310133e+01
9.943493010416953837e+01
6.181673437670900739e+01
6.365885956698469528e+01
8.565307538528468001e+01
8.493261146391515126e+01
1.098447921496808419e+02
6.962798361559454463e+01
5.666961991734849136e+01
9.801867228627649808e+01
9.732620912052531992e+01
7.593351680845448470e+01
1.055806858885459860e+02
6.178080308491938410e+01
1.019928222876185373e+02
7.636923429217266346e+01
3.901249821812643859e+01
6.406878788956629478e+01
1.185154407546650503e+02
8.343584235240848557e+01
9.138821584064258730e+01
7.824860894006947376e+01
8.992121543587478527e+01
9.855081978634791540e+01
8.799417327745646844e+01
8.801852555564425984e+01
1.022302704198580301e+02
8.135401160836944712e+01
6.908984946136706640e+01
5.931706762018515633e+01
9.462338374263289609e+01
6.028461996556991664e+01
9.512616876129818877e+01
8.945080479496741077e+01
5.975497721330564360e+01
3.882782419437177168e+01
5.473218342273248993e+01
8.686765818185597254e+01
7.715167339181839168e+01
4.454240316594993487e+01
9.836806992138758687e+01
5.431331012771786959e+01
1.157854104397026163e+02
8.030827297043903457e+01
6.878338701970162106e+01
6.724754197518406329e+01
8.283987282057996993e+01
6.921089543127611421e+01
9.545777857458762128e+01
8.890062447274125645e+01
8.024891967302126261e+01
1.288207526281491937e+02
8.575734881963269629e+01
8.864681054133937721e+01
6.446206813589783735e+01
8.401763822642340074e+01
8.490262182799411050e+01
9.365559002896226559e+01
8.534119948347073148e+01
7.012722277794264869e+01
9.423597095906083609e+01
5.180073122480672509e+01
8.255330963563783087e+01
7.663885071534322435e+01
4.929852207705522460e+01
9.989404357380357169e+01
7.421298183261612280e+01
7.908122817102497493e+01
5.844908696704383999e+01
7.108740371333097130e+01
4.930366165741057216e+01
7.531743659840019234e+01
1.008710495836214420e+02
7.907828064033948579e+01
8.708935469520082506e+01
9.662185993395817718e+01
6.528808011831091562e+01
9.844981597140528606e+01
8.317568645636232816e+01
5.236972175873866320e+01
9.947282186854444319e+01
5.433019748964276374e+01
1.406041687991362039e+02
7.205556892814762193e+01
6.868897036016636548e+01
1.082500815032431802e+02
4.670830539675161219e+01
9.449339342865444280e+01
8.862905160719733999e+01
8.803517814408540687e+01
6.533829235702202709e+01
8.737199959695671225e+01
8.889067165824269523e+01
4.128781043963226693e+01
1.029803603551331719e+02
6.110241749969269875e+01
6.482867936218687532e+01
8.351752826411866693e+01
9.940471683896387844e+01
8.313154904473068996e+01
3.916663086230595070e+01
1.143449552498454267e+02
1.017988423026086906e+02
8.795699611321624900e+01
1.090644755499894814e+02
6.184942581486556179e+01
8.071119868528727181e+01
7.467176604453740651e+01
7.340905732292945629e+01
8.056126658313465327e+01
5.602810719354214086e+01
8.944503260725838345e+01
8.197945585952528802e+01
7.509379373523564993e+01
1.066049830794271713e+02
7.613777603127458349e+01
4.821529784825580123e+01
8.067936103805782011e+01
8.905530859292179002e+01
5.890073831019407180e+01
8.097373296723979763e+01
9.970529693179781816e+01
4.744464137073020282e+01
6.214599955934789222e+01
1.080868429728056981e+02
6.045655242185434020e+01
1.056020780266673000e+02
1.070104492819959603e+02
6.784348438283807070e+01
8.724288304501654068e+01
5.602233128483333502e+01
6.544902424794568674e+01
4.294931149812482829e+01
6.662689179095148972e+01
7.190578078213655999e+01
4.982933828515773200e+01
6.313542142104924437e+01
8.226156637787615011e+01
1.039799028602029409e+02
8.076828598148358651e+01
5.531643756524861288e+01
9.028865579112137141e+01
8.329583448393131562e+01
8.075542358945995147e+01
6.380728402210383621e+01
1.081265438898473690e+02
6.645526623857881532e+01
1.065304016833934782e+02
1.055033029831419640e+02
5.915298272946448321e+01
7.850535284875802233e+01
7.386174596190907948e+01
6.605327696367604062e+01
1.016177539009877364e+02
7.799386053574207267e+01
1.121265501675005538e+02
7.427388142156034689e+01
7.686144064940540943e+01
6.266118466650893737e+01
8.394040724295628308e+01
8.998818898570478098e+01
4.496722712990616344e+01
9.301665898175178882e+01
1.067984290852858464e+02
1.028704315979329920e+02
9.656524308216330610e+01
6.938402245789421841e+01
6.364892116183715132e+01
1.058298874884571177e+02
8.748344669838832033e+01
9.583950977782775738e+01
1.087830865844870658e+02
7.808722477159760444e+01
1.213563870506475126e+02
4.998642101320385223e+01
9.218672502241176403e+01
7.457034427854556213e+01
8.898729609376985650e+01
1.047220484014297881e+02
6.886107451555218972e+01
1.135442334437641989e+02
6.435357322505471700e+01
6.873529420744470997e+01
7.721669242086066731e+01
8.678795608443324738e+01
6.576356914294174771e+01
8.025263127639340155e+01
4.398082347269254910e+01
9.622343517851031436e+01
7.413194672750582015e+01
9.971515698891961677e+01
2.179801858493198097e+01
8.337464808840684327e+01
8.475535489144880330e+01
9.198434811707848269e+01
8.401010164978670502e+01
9.578686559892064167e+01
7.221138688993097787e+01
1.019530028632766516e+02
6.230981206644057124e+01
7.111140396490117155e+01
9.005730204564051178e+01
6.463863481532332855e+01
7.302678413669384838e+01
1.031307236181642963e+02
1.029285360464160277e+02
7.003053608410031927e+01
6.973745716859353649e+01
7.096298393653029279e+01
9.889241576554877611e+01
7.488317436680425487e+01
6.926670897395494819e+01
5.585651754474938002e+01
9.747259809954135790e+01
9.443452200624786030e+01
6.448475075608010343e+01
8.836270727719762874e+01
9.138084013176370490e+01
5.856148789120130260e+01
9.140567281928129262e+01
7.527245677773943555e+01
7.888511944828714206e+01
8.814412052990725499e+01
4.983868296216686389e+01
1.196804507884603197e+02
6.173434312080864572e+01
1.078021196613790949e+02
7.496678895981364121e+01
7.066106558271049209e+01
1.130072374626115845e+02
7.405894921622103766e+01
7.312578620969694043e+01
3.217024960532918954e+01
9.748685674111044364e+01
7.668808615013382735e+01
6.891575243604695800e+01
6.891102914825630421e+01
5.638311160626900431e+01
7.265266650201407117e+01
8.332686268953987963e+01
9.002039939299342564e+01
7.472945532939590407e+01
4.877812116399533693e+01
7.519984579671839242e+01
8.258990333193530375e+01
8.623870845266839069e+01
3.028470847144306788e+01
7.999237473656249620e+01
7.242600969059357396e+01
6.397900830613575351e+01
1.123728803240788068e+02
8.679393024238621024e+01
4.229692883026324779e+01
7.212426538978652957e+01
8.065572464109186512e+01
7.352278758254922764e+01
9.621470185339397574e+01
6.342212883144192404e+01
9.115758483175862636e+01
7.563126224415515253e+01
1.039851723612188721e+02
3.406667920149560302e+01
7.888767802544586516e+01
9.755651506814484719e+01
8.782877967174067635e+01
7.619163010343589804e+01
7.733601216961997693e+01
7.752355796392828324e+01
3.603796300095507377e+01
1.245630763542300485e+02
7.902814277471880189e+01
7.364765083618948438e+01
6.832658396311160232e+01
9.687822373884092997e+01
1.085966642040497305e+02
9.805311536491990410e+01
1.087211669274507813e+02
6.924215926741965177e+01
6.415273780069304621e+01
1.476310630839878399e+02
5.046633597394475856e+01
1.151163380593054626e+02
7.757147841251271814e+01
6.817302160128492972e+01
8.053192470575714879e+01
7.192171724203274152e+01
4.639823710514484389e+01
1.010514904086976600e+02
7.233979300111954558e+01
7.791989589383956627e+01
8.833336237460736129e+01
8.890831557811598884e+01
1.063188588724709831e+02
7.458713472415124102e+01
6.069853886822986055e+01
5.161495890055410030e+01
7.370140855734135243e+01
8.735572931878924408e+01
8.493285834262248102e+01
9.610328501098700826e+01
8.528985975725660751e+01
8.043604590963883538e+01
1.178697694976104628e+02
6.790928747328695181e+01
1.005756202826335368e+02
6.644169310353116487e+01
7.145400748896241794e+01
8.868778458888010618e+01
9.340683768868970560e+01
4.578794148957002363e+01
8.372074534893178566e+01
8.049421810278782630e+01
