3.201370786305416605e+00
8.238862551007006374e+00
3.279683841206339601e+00
5.623566114343391042e+00
7.009545964638021154e+00
7.189785341401757179e+00
7.010448203809419354e+00
5.229793684844245227e+00
7.940041448219246512e+00
7.276505679067332366e+00
5.982072799674270414e+00
2.048846047526581060e+00
7.639782963483110478e-02
2.320384708753427283e+00
6.151316454146984469e+00
9.507354534515659594e+00
3.599714280932874821e+00
3.328681157999214157e+00
5.567968638332438047e+00
6.703624528570553132e+00
7.588169108925694850e+00
8.445804310196407982e+00
6.823395805125780811e+00
7.232299035205009829e-01
7.045311169023514175e+00
6.382160797214618597e+00
5.135808522962799216e+00
4.572651430131480232e+00
5.525964724528034111e-01
5.454583730324781499e+00
5.980619197290094391e+00
6.230637096227474636e+00
3.605229250989633982e+00
2.572615435894633151e+00
5.550203783440924354e+00
4.186429288481418709e+00
3.726545792210343322e+00
3.570589122602617849e+00
2.416323283548052814e+00
1.054061227676916346e+01
5.614441500834368881e+00
4.669963455193633983e+00
4.682609136220071910e+00
6.705501872023394760e+00
7.942752683610398989e+00
7.196940011841845397e+00
3.809276594582048148e+00
5.364295366654834751e+00
3.739240655706455030e-01
4.420857087038958966e+00
1.469166134714994243e+00
5.450516139704879137e+00
2.813481220417062278e+00
8.756664155526483029e+00
6.819754714397635809e+00
4.755203250278394300e+00
2.463093706686399820e+00
2.168722462035989285e+00
7.493213389961664639e+00
3.138326197809018225e+00
6.582581172151396487e+00
1.753931243941588836e+00
4.889556539921100509e+00
7.828908880605029097e+00
1.834994525474114013e+00
6.816525421580038824e+00
1.678999963914392879e+00
7.841197696116614324e+00
6.860728886098103274e+00
3.225201245469505373e+00
7.025132144181947424e+00
4.242051312557986620e+00
6.332944483706647532e+00
4.206576457115822620e+00
5.458190881785458082e+00
5.207914531141196512e+00
6.435709762623011088e+00
6.143288953735771329e+00
9.583200716351608861e+00
6.314935537869676097e+00
5.196716118998295997e+00
8.203459197564431093e+00
5.733140699480537172e+00
5.488433012893687568e+00
2.919733082492105947e+00
5.460241703129231183e+00
6.906593934694376102e+00
6.079873689420337790e+00
2.134499605094389185e+00
6.225100815949167199e-01
5.693584550154302981e+00
7.164645539587418455e+00
8.418811201530036925e+00
5.752029224849998457e+00
2.525582209081450369e+00
6.472971934930329851e+00
2.633375346075275125e+00
3.788300810307787536e+00
9.166526026123445803e+00
7.388697245640051925e+00
6.067631861705990559e+00
3.556119047031326197e+00
3.487480888363337694e+00
6.488874325566669654e+00
5.646301210293981576e+00
6.611073316935438982e+00
6.366239084058799236e+00
6.617478051395037753e+00
6.330936222028935134e+00
6.773663253866698319e+00
3.691736961517425364e+00
7.226979911197816797e+00
4.286924302691818234e+00
3.684712858452233064e+00
1.584949165006600769e+00
5.725186927547317062e+00
1.984817491931128330e+00
3.044133467236867840e+00
1.311773425027146001e+00
5.320706190788149215e+00
5.011939256457186076e+00
3.573984736615403168e+00
5.711493936668484039e+00
6.984290035388948326e+00
4.251007692277159578e+00
1.656457783501895431e+00
1.587627909922902258e+00
5.204698451499761624e+00
7.980039467569508105e+00
3.707069420427511197e+00
4.065903312755653864e+00
5.038491849508465847e+00
6.634618408236143239e+00
4.015897110794016456e+00
5.431852632330568476e+00
5.224203360694210652e+00
4.775009879967584858e+00
3.742137742988703941e+00
4.220958752681857717e+00
2.372998784186809651e+00
6.318998524590732302e+00
8.547240215796666263e+00
8.212908462315681390e+00
1.307442922216035530e+00
5.081611186301196348e+00
5.417927484375302249e+00
5.457385775586445220e+00
3.325614520843123145e+00
5.274452544641463625e+00
6.322148176698991762e+00
8.073562355043229388e+00
6.437696944633700902e+00
9.628465037380628644e+00
5.932162965136972943e+00
6.694773712874890315e+00
5.514971895055026607e+00
5.078974059019730980e+00
4.363362804744423507e+00
7.027051846085878850e+00
5.119590457632023472e+00
5.863908469832908921e+00
2.866636728797196998e+00
2.487406060670257268e+00
3.822341502270720781e+00
8.204565218280048811e+00
6.194201558077581993e+00
5.134741910937367315e+00
4.285349518569692151e-01
6.685818804780447877e+00
3.322203536379834787e+00
6.506486191553563891e+00
4.177694358289184784e+00
4.571723381126370889e+00
2.962302169202353230e+00
7.716317078170621180e+00
5.128683022371662403e+00
5.011308036687196932e+00
7.341887491736365234e+00
7.599913371632595727e+00
2.858966429585072078e+00
5.705899326474762390e+00
4.753607009793237914e+00
2.056851902514757580e+00
1.742390780733107380e+00
3.784948927119775597e+00
1.911035322500785227e+00
8.574415455868230396e+00
6.269741308576188388e+00
4.642051777484168973e+00
7.373048302356204786e+00
6.736539781625943135e+00
5.259573417171413467e+00
6.045915727302613618e+00
7.030246803084592599e+00
3.561578739564971841e+00
2.885998346864648845e+00
3.529674535627315812e+00
4.211950056706604606e+00
6.421659258521303038e+00
7.984045302052477311e+00
4.290017476324166523e+00
3.369122471882926906e+00
7.229985988833872668e+00
4.635169924656342033e+00
6.393701233515562521e+00
7.324184191822315171e+00
3.998015532041010456e+00
4.341139598038378900e+00
6.482174766660580012e+00
5.703154263854755435e+00
4.800344411077670514e+00
2.984964759204403073e+00
4.623014961433616676e+00
4.949544540578164842e+00
8.435908729015890728e-01
5.978263563961760951e+00
2.867120326019244825e+00
3.242560275241931578e+00
4.169894272465266560e+00
6.138360036199999925e+00
5.844226844929831799e+00
1.859384652205911870e+00
6.582930512161611958e+00
4.205258583939250450e+00
6.069094216872342962e+00
4.374190612115720356e+00
5.324719444884457253e+00
2.117982329564451760e-01
4.236361608630615727e+00
3.251818121448280863e+00
6.422424038547051239e+00
6.116328665958047139e+00
6.325675983824751825e+00
7.935971933336603001e+00
8.530594505167146124e+00
3.400803278445892808e+00
2.008460501375631146e+00
6.542495785210923565e+00
6.091167946039806047e+00
7.290713108534863096e+00
6.901212833139205749e+00
4.013267579257898454e+00
5.588719677796315288e+00
5.584759706177067962e+00
4.087458706517757889e+00
1.832513592039725747e+00
7.560740337300014602e+00
3.985622522554018055e+00
6.269424134879592714e+00
1.834606496674188403e+00
4.540653788492742038e+00
4.553207285324726961e+00
8.189415409862816020e+00
7.814430772940129444e+00
8.736927946431162439e+00
6.381040766931418418e+00
6.004259134575766765e+00
7.504315963629137443e+00
6.278863370421558621e+00
5.986401088859931718e+00
5.240736345825365738e+00
2.417618636631126972e+00
3.969678302320152063e+00
1.724087451615219369e+00
5.512683739364953261e+00
3.639048966889522951e+00
6.916727449917669190e+00
7.293907037873287535e+00
6.540005507914186111e+00
6.930441391433805443e+00
3.078861222546696030e+00
6.411885245005239931e+00
2.871323481897508412e+00
5.216809675041798045e+00
5.367901171457861942e+00
5.900600555427759630e+00
6.347976955151405143e+00
4.389405812168297061e+00
3.297108529621735507e+00
8.054406931638594003e+00
5.970478365730270021e+00
2.838096768411691784e+00
4.400226484010183015e+00
6.458639501057202637e+00
2.806086097997731343e+00
6.336354447519433997e+00
1.004633408241280890e+01
5.098698076559681880e+00
5.444238086882499772e+00
5.510439090012795305e+00
4.115357392325573294e+00
6.668532334168674858e+00
9.685054843416578407e-01
4.973190087364445233e+00
5.007645607383324204e+00
5.756319239485128136e+00
6.103215865312456856e+00
3.962690500404303595e+00
9.464874473123110477e+00
3.241503505153110254e+00
7.479047447106017543e+00
3.915648226497078888e+00
5.314466374217175826e+00
5.157831553800238389e+00
5.782290134048849950e+00
7.995859341850664492e+00
4.386875757553101884e+00
4.553213847957515270e+00
6.687000431394145572e+00
4.623277483624208983e+00
5.599465315719712954e+00
4.140784041096125634e+00
7.507876052667603162e+00
4.878499080126040610e+00
5.036331652423048588e+00
3.620285146394543130e+00
8.948055280527562161e+00
3.813792987624386122e+00
5.540992993355602358e+00
4.776307222610642000e+00
6.014786165034006871e+00
4.590578315546887112e+00
4.696080180356648981e+00
6.611528540584302505e+00
6.581144132061346852e+00
4.219293878803514808e+00
4.995488505752946118e+00
9.130318833814241586e-01
3.449070017234736163e+00
-7.354832430231104112e-01
1.097764964207287530e+00
4.063460770274084588e+00
2.961440330019116107e+00
3.164736163500686317e+00
4.469957054688884490e+00
7.178161293705389134e+00
-7.119035829835773654e-02
5.066520358880243435e+00
5.297894644617283433e+00
8.094193787134578599e+00
4.449863443427900300e+00
6.533311955320213471e+00
6.323903155925665764e+00
2.110643037925426846e+00
5.180482605762608550e+00
6.145014002628818695e+00
4.842166499746020314e+00
6.202792095442815068e+00
9.062346704150762378e+00
5.729534488379772306e+00
4.968984922468044019e+00
7.195563525858432286e+00
4.751109345356923086e+00
4.510802185983191492e+00
1.445180512244701898e+00
2.637697208687504791e+00
5.494656275471346163e+00
5.142685980868643369e+00
7.181313237710577724e+00
4.965565563289139561e+00
3.949335313208854892e+00
4.556831281006882506e+00
3.756005432464375460e+00
4.940810694810199521e+00
7.487896357726182117e+00
7.446718472011481182e+00
1.004253105836427373e+01
3.066089167481100830e+00
4.823710829212366491e+00
3.648592179145541792e+00
5.495400935961013644e+00
6.209822765131907119e+00
5.145588586002928011e+00
5.318574980313831801e+00
6.590729294621212375e+00
3.952018691972912556e+00
5.494477807874844189e+00
8.127289046219395630e+00
6.879884702742989688e+00
4.851112767756900368e+00
4.853323942437883787e-01
-4.762895351079556860e-01
3.132524040222514294e+00
4.307884142921752257e+00
2.474947556676084126e+00
7.457632066186931752e+00
6.644840219321714869e+00
4.148134427808972013e+00
7.495027490129931635e+00
1.554845252293097335e+00
7.269096936026603117e+00
5.500108299872005446e+00
3.834220866922858129e+00
7.120678245072523005e+00
3.419687154089329439e+00
8.478809188803493768e+00
7.596018281172312925e+00
2.020378623038713961e+00
9.354063102304490229e+00
2.999093802108494966e+00
2.731660152124341323e+00
7.697761898099300559e+00
2.037079515194146762e+00
5.247157985851230499e+00
5.356925978647181452e+00
5.960941911542314564e+00
4.632856743257272925e+00
6.247368983521890407e+00
3.233191014378124617e+00
5.156859965804251544e+00
5.184359222749395535e+00
4.238218147780537848e+00
3.446501333621078800e+00
6.472037089062393278e+00
4.203436363374107643e+00
3.054531084198054636e+00
1.866598220768366456e+00
3.983692974936104747e+00
6.968888936363246245e+00
3.597903989480519371e+00
7.660117415579792421e+00
3.467628564526894941e+00
2.990787796932934395e+00
3.462819142162957498e+00
6.512722141723508607e+00
7.803911013928551910e+00
3.787523413855922172e+00
3.549095788329894141e+00
5.273318521232237543e+00
4.132208918816354881e+00
9.912100921183146340e+00
8.267660859483127567e+00
2.738228813950033924e+00
7.541851352536353303e+00
5.205516137622054451e+00
4.372879341320017765e+00
6.290115211342403256e+00
3.952344000909709720e+00
2.575240562275158407e+00
3.466335908887277828e+00
2.456154996877967456e+00
2.816113207441386379e+00
4.013160919948086658e+00
1.534409563772020757e+00
5.414296836638262000e+00
4.215076333443125378e+00
3.811424404038159075e+00
1.005374420650909251e+01
6.255398010288677924e+00
5.435741149908078107e+00
1.910578590891582884e+00
5.987078871737725905e+00
4.685589845666286557e+00
3.323891084438370225e+00
4.244279931085182866e+00
5.529219079814772897e+00
5.856709625064332236e+00
5.108146265660487906e+00
3.324913423243539334e+00
5.460236959628195663e+00
5.678644990984842877e+00
8.697459577227432348e+00
7.240167065326948759e+00
3.254380317570085168e+00
3.042929278658349723e+00
7.384701459762375464e+00
6.704520765863721365e+00
4.129723242570622510e+00
4.966051677786945895e+00
5.900259395986432231e+00
4.452228936855058272e+00
5.424416402522630243e+00
5.184822792365682886e+00
4.946386197549046848e+00
8.089513587580240639e+00
4.521832702951176230e+00
5.949768005775950108e+00
4.217407463839115245e+00
6.124655198808882872e+00
1.103554479741196559e+01
6.795011578373378214e+00
7.647067969781122798e+00
1.684518131075859682e+00
3.734516829499963997e+00
1.535696104044742771e+00
4.169446317703926042e+00
6.900995602784967708e+00
5.998201387497935855e+00
4.614912330176792032e+00
5.831746563237687475e+00
6.214122716403277735e+00
6.959626899133938949e+00
5.824580090715655523e+00
4.886213148351171931e+00
5.529585182062715987e+00
6.457150354133209369e+00
1.577531981517451776e+00
7.582884960675970731e+00
3.500936018911287029e+00
5.106136983937224372e+00
5.786547465344822783e+00
5.097919236014605282e+00
4.719363221910434447e+00
5.668587048707536269e-01
2.279369342448734681e+00
2.045593504169331833e+00
3.254272029591898541e+00
6.666058688882377403e+00
7.717573302117352263e+00
7.505930810394174202e+00
4.204686185324914227e+00
8.881394675545440265e+00
3.505288806748289687e+00
6.477461438899355883e+00
4.375158365597581422e+00
6.087229341046795916e+00
3.223076470386901704e+00
5.392116975140281099e+00
4.594605745590045309e+00
6.623852709241311310e+00
4.726544823859031297e+00
4.488426857412705751e+00
1.990058680870067320e+00
7.236166967255012850e+00
5.955376646005805519e+00
5.774915603133914388e-01
4.577358637869377134e+00
6.525641669649766108e+00
5.786916251300205261e+00
5.325356804767358732e+00
9.842782252785990948e-01
5.932928730305581766e+00
5.768431933462148109e+00
3.767646989521246770e+00
6.530999798790717570e+00
2.918384479110986973e-01
4.171262106704862305e+00
3.561612660924857288e+00
7.389451694822961159e+00
7.576018945922344372e+00
4.940426647571116270e+00
4.376083992099049524e+00
3.733826834150648644e+00
6.297012277884715736e+00
5.164690536110809305e+00
3.317961669412035075e+00
6.500547084103806661e+00
3.432203824561990579e+00
5.529808873351861109e+00
6.962303349179661538e-01
4.205699345677466283e+00
9.515816428468401256e+00
3.123533099676110147e+00
7.180525115310388173e+00
6.000814429669471650e+00
6.862295864228091347e+00
6.020604139125489418e+00
6.085552256025071216e+00
8.371470296992821858e+00
6.787757464373667560e+00
3.357058690471938611e+00
2.613078566997220076e+00
6.743382864635375284e+00
3.775839566927533308e+00
3.082808243610732024e+00
3.855324573145886724e+00
3.987680582485539915e+00
4.759303451077714797e+00
4.953635230994446026e+00
1.062539264960984298e+01
2.668902117918872552e+00
6.853791623581344084e+00
9.241315690730033339e+00
5.273025648058803583e+00
7.936183111174125671e+00
-8.413749313750198411e-01
1.995830271037205783e+00
6.239676356609135333e+00
6.854168259156999454e+00
7.256765077429957245e+00
4.527516492026831152e+00
3.543919089871297778e+00
5.017055798838168990e+00
5.896567290957969831e+00
4.058824590220859285e+00
5.119308833168884298e+00
6.310032627419266404e+00
6.756243454877131960e+00
7.695371794378765173e+00
3.548285454493639524e+00
6.238697712915287852e+00
3.739036230330228250e+00
4.339949591811341989e+00
4.694655733280536758e+00
4.997799840122850057e+00
1.247439636152224196e+00
1.618627153247181649e+00
6.333602773860002699e+00
4.514682219085143444e+00
6.991774438481645149e+00
5.125912524032803397e+00
5.455832639760089364e+00
1.772182244375909654e+00
6.814463024345903008e+00
2.293991697720679124e+00
2.280631824347116421e+00
4.546111067543099793e+00
9.210954379230518185e+00
2.133247611232640839e+00
7.361829686481202728e+00
4.690069501785445460e+00
4.912540413653212035e+00
6.343374160890839164e+00
1.523411053265952830e+00
6.394928914019421207e+00
3.948580052241369209e+00
7.490493483073091596e+00
8.465712566108821946e+00
2.121651876779164780e+00
8.952565486531245398e+00
4.431843467879820864e+00
2.821903042624472668e+00
9.200082992299728701e+00
5.534815920341360496e-01
7.483517757492404776e+00
2.671340359858842550e+00
9.504366033207812592e+00
2.461510357289669493e+00
3.382821342524525043e+00
5.964477081780009904e+00
8.001077201796027438e+00
6.615164204928843716e+00
5.987558779338788106e+00
-9.912448525455381798e-01
4.944506182199793543e+00
6.543985628067345850e+00
3.765239559761434762e+00
5.650470230534478944e+00
5.713098793097155514e+00
7.146958198993081268e+00
3.498383874321032927e+00
3.473535101816722204e+00
6.897814343719297803e+00
3.414908341974570050e+00
7.588447725274143352e+00
7.022336107044132802e+00
5.923562542130454744e+00
2.368350907617972734e+00
2.888431725755671309e+00
6.918607162969225399e+00
5.125628135594571866e+00
4.494145454501750514e+00
3.011867388740422591e+00
7.240075095471004474e+00
5.303603152847081503e+00
2.791381524158625282e+00
6.491070980285170933e+00
4.945937570560120733e+00
5.935810697971650285e+00
4.480321973796035806e+00
2.122102213651980929e+00
4.467898132476200601e+00
4.266694713329800770e+00
3.113115916947816864e+00
2.042409017022305040e+00
6.119458223833387223e+00
2.145956827660496558e+00
1.597739031592546599e+00
4.668806009845335225e+00
3.610150314310314634e+00
4.031427762910204216e+00
3.576349147058078159e+00
5.760209024029908420e+00
2.548956633534761984e+00
1.854577479645517446e+00
5.102653620507722643e+00
4.628234966390635030e+00
6.544670356184091986e+00
5.625676501363542137e+00
5.458821414431900720e+00
7.070246443996767383e+00
3.498978783523976510e+00
2.371675143570689759e+00
3.197252464349237489e+00
2.692433058732121243e+00
3.836564000046047695e+00
5.803491820038827242e+00
6.959672881158940783e+00
3.893827401166804147e+00
3.483413451155485951e+00
1.761659545919680880e+00
5.085848450411345034e+00
8.144341182008378865e+00
4.445787938310332699e+00
6.641687499438678977e+00
6.928393057197389737e+00
5.598859312482067807e+00
5.563465156071139006e-01
7.260194614614090547e+00
4.928964087765184132e+00
3.886637322529481242e+00
4.302993382415518653e+00
6.159311101677579003e+00
2.368160021444256191e+00
6.390234194756889252e+00
3.212444426611576365e+00
4.517497683907325090e+00
4.888254002633574125e+00
7.843684911316557873e+00
4.533349735005189451e+00
6.788046818507065261e+00
3.764259236805313158e+00
6.937124309804977074e+00
4.609848567274210218e+00
8.140712172174426442e+00
6.558292641298273828e+00
4.688753698792697655e+00
5.427676927485906688e+00
4.862668036398256177e+00
4.298027217336453987e+00
3.279576072706231749e+00
8.248232660709806652e+00
7.119409954195306867e+00
6.420971034491977036e+00
6.153629018674225293e+00
3.656983353460447006e+00
4.408080482266029776e+00
2.747554251531713732e+00
4.513106304367221711e+00
1.839868826463357809e+00
4.110666114117645265e+00
7.106801752525495175e+00
7.596292411096113639e+00
4.072063020811817147e+00
5.048488454337581643e+00
2.397236516962663266e+00
7.748671938444175566e+00
4.331701769603114371e+00
1.397246738770069108e+00
9.526731379320199977e+00
6.094522065957012735e+00
5.382705611488302289e+00
5.094965169198710342e+00
5.988274450346747102e+00
4.822845337303277802e+00
2.653695222769423712e+00
3.255539575073591596e+00
4.019671509752002159e+00
1.004204306767018728e+01
4.711268494419328157e+00
5.030073519453909014e+00
8.388792284464717142e+00
8.574506460427320675e+00
4.916772555211772477e+00
1.058545473124710590e+00
5.749646904711441131e+00
2.960776793957068609e+00
4.530997210605909764e+00
2.682728433295906267e+00
3.516403272968687155e+00
5.642653202150548886e+00
3.793213222905932103e+00
6.011508146945173436e+00
5.058737565324872953e+00
9.462371072003238126e+00
6.399224536317420942e+00
9.382821690504004053e-01
4.632641323577757042e+00
5.381172250016630798e+00
5.235028791797883940e+00
4.978617949226544326e+00
6.908348794690077455e+00
8.325273426204669036e-01
7.514985331905188914e+00
4.109353742581905777e+00
6.768419265071085711e+00
5.041309694304942468e+00
7.096922595087653107e+00
4.860358162187431219e+00
4.262174124222390503e+00
8.633579032893688776e+00
6.182128517130198730e+00
1.833798795997729325e+00
5.504203295654618522e+00
5.206869258551208191e+00
5.607624654840130951e+00
6.408841674920354947e+00
6.500260265108440905e+00
9.070068179205591719e+00
6.251186162469213770e+00
7.444577423324089338e+00
9.192266765697688413e+00
6.259362157191925569e+00
3.984924041304892306e+00
5.385266776402511724e+00
6.992466473367758617e+00
7.426405783684599804e+00
3.213250993607815964e+00
5.925864972464259139e+00
7.358562887021310672e+00
5.667740792636095648e+00
5.131459244205406556e+00
3.666137942032094088e+00
5.074414145718058045e+00
4.132396356077392419e+00
5.201556175043661412e+00
5.075987267185432472e+00
3.782715656945645044e+00
5.321450274579861528e+00
3.301503951529897840e+00
4.740320866894432328e+00
5.588585294950561888e+00
8.069817876101213372e+00
6.866251214504820233e+00
5.285283054964221350e+00
8.961540850921473123e+00
8.191889963956946019e+00
9.305322138927714093e+00
5.669424061770249601e+00
6.442177152705941268e+00
9.191971984847786104e+00
3.813880584717689093e+00
9.859626831397054758e+00
8.910245620507124542e+00
6.356570688905766708e+00
4.007010866641817159e+00
5.170011312578608909e+00
6.002535699366410071e+00
7.142709092647091751e+00
8.233028847565819319e+00
3.532140441599084024e+00
2.358366639933931808e+00
8.119885946946261868e+00
3.680129125970733384e+00
4.733026243290878732e+00
9.364264007975460657e+00
5.812648909457800883e+00
7.142508378453752194e+00
5.769042288745325209e+00
5.591715084016439796e+00
6.671421415539112054e+00
5.707447147146039512e+00
7.440330142478868147e+00
2.093739445164349178e+00
5.023565725869230114e+00
2.146497425264641823e+00
2.586266044907334027e+00
4.007494847320687725e+00
5.347550593355475890e+00
9.547102542067889885e+00
5.393595820665598950e+00
4.147986820843570399e+00
4.740620594423848644e+00
3.547418246491369054e+00
5.190367272287538469e+00
3.406686274072352028e+00
5.936051749019158663e+00
7.439295425732032285e+00
2.655281779622594485e+00
6.278995237737785118e+00
3.441962436842129769e+00
3.439745432166442018e+00
5.020686270022618913e+00
2.808615346148710223e+00
1.395888614086251422e+00
3.006058240857282460e+00
3.062431798960738583e+00
2.906176509393972207e+00
8.178723974179007428e-01
5.389383758919726652e+00
4.074599041380905007e+00
7.981642319286798681e+00
4.386358437057932491e+00
7.765963520516022456e+00
7.131339718986250631e+00
3.504042197988932905e+00
6.405526360671207620e+00
6.634464302247242706e+00
6.308107559910959949e+00
4.359391120948666654e+00
1.393316183182141899e+00
4.914719936882008255e+00
3.064842951467677601e+00
3.434996149144183164e+00
9.258543419056616486e+00
7.558148431317581739e+00
5.979287567721293328e+00
2.157601750117681405e+00
6.749746216826996381e+00
6.459767402772277123e+00
4.723571680977157072e+00
6.015526371375997883e+00
6.498167253687866740e+00
5.534540250959323338e+00
5.077844542802450789e+00
6.623266095127308795e+00
4.621665290128353476e+00
5.724001486249366444e+00
5.980176145908618679e+00
5.432529547074865128e+00
6.421092697872026633e+00
7.354188540239029237e+00
6.060661517423503675e+00
5.069329368389808188e+00
3.766680854274561341e+00
1.826182294848164744e+00
6.625071198656524274e+00
3.962986240705202778e+00
4.229261034134356834e+00
9.198311839121654288e+00
5.556841504079360838e+00
6.422599806951321710e+00
4.113883732497430223e+00
3.633774299362019455e+00
-1.205410894771339336e+00
7.854492581396494089e+00
3.242507170118507531e+00
5.597896822442505638e+00
1.061013777120960011e+00
5.745555705640523314e+00
1.757936127132702087e+00
7.382665828993712154e+00
6.636576038129144983e+00
6.890272811016152410e+00
4.187927748592422006e+00
3.774528524808200558e+00
4.925140926659345553e+00
1.945177625475692729e+00
8.750172954357188004e+00
3.072409293681532816e+00
5.676743084805534245e+00
3.379590162519179319e+00
3.933008293982354964e+00
1.505966943657744306e+00
2.458675213138449500e+00
7.741773729523163006e+00
5.784429447046805173e+00
4.587564201325561086e+00
2.079138117406519548e+00
2.300097195777194958e+00
5.418634453650035709e+00
2.621640346597771121e+00
3.489232159542823730e+00
6.024943982568689904e+00
7.342921591252057567e+00
4.640551561922965362e+00
1.466421064394340057e+00
6.629508394470647659e+00
-1.722790125232851466e-01
5.339986528871222937e+00
4.037153823247713547e+00
9.870634392450718053e+00
5.366632565837252677e+00
3.899221495332949594e+00
6.425724106062700614e+00
3.656932645186486752e+00
4.919369650764473967e+00
3.277893663414856107e+00
3.314504475121622384e+00
6.454398869168946895e+00
6.723163089329981190e+00
2.822265698405470147e+00
4.278224939638631596e+00
6.144902375475525425e+00
4.867344212389674851e+00
6.982478103213731302e+00
6.199939694934247569e+00
4.235329294780084908e+00
6.281626224711132522e+00
4.498579198574961246e+00
1.935420246871117023e+00
4.476729680856143645e+00
4.462987805432421240e+00
5.211365551130130669e+00
4.801687554740697195e+00
5.467757745201449637e+00
3.107900720418230733e+00
5.363291025561590430e+00
3.003162333385311911e-01
7.972544180072726583e+00
3.291957003833611672e+00
1.673870634798555468e+00
2.304892152036584818e+00
7.036518783490345541e+00
7.497840092469616025e+00
9.433986481590245887e+00
4.096738350924960415e+00
4.740948430020762494e+00
3.962827732740282993e+00
6.076618216494368951e+00
5.144308590166033923e+00
3.653104049622082350e+00
5.427683812104737271e+00
5.946253091439286820e+00
3.557790824165204313e+00
5.446369745293475617e+00
8.924544118009345439e+00
3.511689636783584589e+00
3.048027542089543296e+00
5.762425141304683862e+00
