5.037395056947018901e+01
5.927336423783545172e+01
3.747071632852356515e+01
5.138039087369551794e+01
5.240907349052282171e+01
6.259941915100362309e+01
5.282301532286776080e+01
4.347725092102472644e+01
5.240691254578087666e+01
4.557074283730568709e+01
5.800267547841586691e+01
4.718293950834377881e+01
4.112456971044839094e+01
4.614448437685674520e+01
3.476257567257927406e+01
6.848353496916564609e+01
3.426563522864864808e+01
4.371722049703539170e+01
4.388372174764176492e+01
5.495330205801299428e+01
2.805145549731655663e+01
3.417508839137178001e+01
3.888616843279491775e+01
4.758944041575541917e+01
4.076729129917126215e+01
5.546474330533726516e+01
6.588322929618101398e+01
4.377381691795032737e+01
5.620047166613331768e+01
6.252370362053899555e+01
4.247802742791304098e+01
6.291454569179041556e+01
6.773152860450653634e+01
6.838873897481015263e+01
6.125464491419248958e+01
4.666568970921822057e+01
4.085851658573008649e+01
4.348665822290194427e+01
3.469305703263485441e+01
5.369919605050571221e+01
4.193765843971258533e+01
5.195312592364900439e+01
5.421720813500892433e+01
5.586101301207578729e+01
5.909992256786968312e+01
3.655380432536753688e+01
3.736911475780145508e+01
3.179392863954820925e+01
5.797453301386653379e+01
5.112086237067890693e+01
5.295156655377796540e+01
3.063354756863871842e+01
4.882607070320625553e+01
4.355987549879662168e+01
4.827711289130310490e+01
5.167787548317829049e+01
4.873445331413931569e+01
3.893700329577573171e+01
3.722714240285256437e+01
3.780237238773150921e+01
5.401869064229278194e+01
5.460580056028878460e+01
5.508083228707278067e+01
6.458611240569203460e+01
4.931938030365888181e+01
5.995928725783186053e+01
4.104462899878664928e+01
6.180110066138828984e+01
5.278639905908257646e+01
5.564688940478124124e+01
5.392312279937299735e+01
7.314078791204556751e+01
4.965518715773031033e+01
4.660716680879568941e+01
3.688676795179770096e+01
6.010792961053358852e+01
5.147240374593777545e+01
4.200070953549369790e+01
4.940813089385334678e+01
4.525738439914752576e+01
5.198854367195949067e+01
4.721908933725688229e+01
5.433573951559109361e+01
3.694546603142543972e+01
4.874608584064623074e+01
3.104506748056996202e+01
3.451418598337657073e+01
6.090283541675621137e+01
4.092723029670838031e+01
4.384048985584273339e+01
4.158497053120483145e+01
6.493734517052608624e+01
3.838543989387417099e+01
4.818490789294811094e+01
5.668943140412721959e+01
5.070536487708373130e+01
5.244755936181421418e+01
3.050616433774630210e+01
4.474733636566726602e+01
4.898952690556397016e+01
7.838688454251158078e+01
4.284461906865509206e+01
4.646850982634685323e+01
4.692169844129962542e+01
3.887881313559215357e+01
5.789915111738806530e+01
5.479862956502875448e+01
6.122199519638218135e+01
5.874370592879029118e+01
5.017758336325101709e+01
4.069674006719529302e+01
5.791000275086899052e+01
4.391829750545641531e+01
4.327343025930444753e+01
4.069953462957644064e+01
4.790661746368759566e+01
5.357765424150452560e+01
4.600870923802703771e+01
5.174998651999325716e+01
4.477175719338443116e+01
5.474799855023888995e+01
5.125714657650464545e+01
6.943591568501487643e+01
5.940066596732907556e+01
3.349892305217627353e+01
5.428838934652478798e+01
4.827050778552773380e+01
4.308570293281199781e+01
4.467729108293858786e+01
4.690344385222048373e+01
5.963633194970324780e+01
5.688616906406356577e+01
4.802488609312836587e+01
4.669120488166746696e+01
5.541241907476214124e+01
2.063648296380947755e+01
6.097727565368066394e+01
4.655889923646274298e+01
6.838058685352734756e+01
4.903792435856733078e+01
4.551627067524927384e+01
4.100167871317850654e+01
6.318268860986638913e+01
5.120054441994226835e+01
5.711931688744852664e+01
4.718629573749670669e+01
6.579351748213957762e+01
5.892423587681830099e+01
4.517299391323749802e+01
4.836568818842627593e+01
3.569585307344807745e+01
6.531358029410210975e+01
6.095775844389297049e+01
5.929955078871852692e+01
4.891074511174716122e+01
5.464097928065634591e+01
6.730474948977021654e+01
3.360344443280992266e+01
6.425166155043741867e+01
5.215150478988566363e+01
5.414023522818439460e+01
5.338997629433975334e+01
6.579483215713074173e+01
3.749721570535593429e+01
4.726292235914652196e+01
7.070185812477363640e+01
3.450177600669105260e+01
5.447259291786957647e+01
4.612975851219889023e+01
4.477179663566191437e+01
5.144276193052373713e+01
7.203658748561751679e+01
4.721770665379963106e+01
4.705088441870049110e+01
6.022592568824472892e+01
5.744712463620386700e+01
3.997876365741907279e+01
6.784258208332236961e+01
6.853422778070950017e+01
6.160179029206722845e+01
5.383168297913879030e+01
3.616921427188648863e+01
4.909009830163147825e+01
5.342191120731668263e+01
4.964629002854669437e+01
5.804032532347491014e+01
4.869695485686325043e+01
6.558553776495851650e+01
3.100123539977925446e+01
4.729291942804439230e+01
5.575348205867647522e+01
6.284045901675761314e+01
7.924057143665554293e+01
5.784317800106364871e+01
4.390861249944921951e+01
5.597719775529718333e+01
5.927816619268487841e+01
7.197885440218593089e+01
5.506554685930743176e+01
6.102036176329138328e+01
3.601921855139638495e+01
5.073628848760810683e+01
5.216770051875886338e+01
4.834893812322107465e+01
5.832194514911438432e+01
6.529229523551973102e+01
5.894645998512167040e+01
3.701288726134367124e+01
4.453795520636271021e+01
4.972167389666250159e+01
4.037820736362038332e+01
4.892280152463261800e+01
3.550139637998030651e+01
3.008838074904605264e+01
4.385458645962519597e+01
2.036653826450330129e+01
4.823011328314732538e+01
3.264778017478515437e+01
5.026790162797906447e+01
4.775990470937395571e+01
4.739001151702434811e+01
6.937835835716967381e+01
4.578883824443013850e+01
5.571471014807007549e+01
4.223414320011762157e+01
6.270813883222019314e+01
8.965998788794045993e+01
4.347068278007692754e+01
5.443327312934841444e+01
4.915573066987446538e+01
6.616075254713376808e+01
5.530910551150464016e+01
4.340746283232455482e+01
3.885190552639382844e+01
4.587064975323229987e+01
7.298113287356187584e+01
4.874647298948448793e+01
6.220787449583036022e+01
5.444118556609161175e+01
4.026838455339090928e+01
4.750355558605559736e+01
5.338410537751115470e+01
4.405244928402193239e+01
5.602333125129064229e+01
4.932182365121506251e+01
4.146405059787697667e+01
5.728588060524464254e+01
3.966537217065906873e+01
4.471307050572247732e+01
4.550322618478126202e+01
4.811232472526187820e+01
4.907921239480746323e+01
4.307132940750266670e+01
3.796257766589504001e+01
3.653941655676177191e+01
3.761373344113365391e+01
3.709135151165648381e+01
3.407281079611455255e+01
5.075876898913158186e+01
5.692006907144046579e+01
5.220396429101023017e+01
5.378034600216933825e+01
5.322422456745236019e+01
5.872373084217456807e+01
4.436659324642556612e+01
5.013981506607599670e+01
4.737278371697089341e+01
5.251405231130229367e+01
4.862558380699524463e+01
4.357977345696313876e+01
5.503552355416072572e+01
5.219584693692687694e+01
4.450186842532100684e+01
4.717339831704518360e+01
3.724480921430280489e+01
4.599248555811173134e+01
4.219695122494757555e+01
4.885843100528838079e+01
5.966383206586966281e+01
5.291035017243536487e+01
3.833359699102958018e+01
5.352400720379556276e+01
5.905647709606315487e+01
5.287071836263446301e+01
7.047057982474402138e+01
4.040226420711523048e+01
4.324268353992072633e+01
5.177892972429648921e+01
5.575866683880922636e+01
5.154462168786872667e+01
2.947303453094453118e+01
4.706626312526775280e+01
6.653694908554395226e+01
6.118623459725009184e+01
4.052961432306549483e+01
4.862334053818391766e+01
5.225590143874771343e+01
4.997472260759855800e+01
5.339250140516526955e+01
4.425798842542569389e+01
4.448110694418750199e+01
5.112776981354848260e+01
7.693549734996864231e+01
5.222348723641489698e+01
5.270034961196850531e+01
7.119132643512972436e+01
4.204372423698099936e+01
4.285565867034176080e+01
4.561994628788025352e+01
7.433159024918961677e+01
5.150869861925519189e+01
5.158749708706934456e+01
4.230852192849821591e+01
4.617587186963219636e+01
4.643060556125468707e+01
4.334304336197183005e+01
6.327702549807246157e+01
4.149729756337584519e+01
6.627695159733575281e+01
4.231075803266177360e+01
5.256006254836911751e+01
6.211631202504096194e+01
4.362013839562645501e+01
5.987813900154142743e+01
4.955699938016740447e+01
4.792336568119486628e+01
5.866133801538458670e+01
5.058354541622209410e+01
4.498734694336992845e+01
6.472780917746506191e+01
5.851724337842197343e+01
6.336105657773033073e+01
4.533675921652680074e+01
3.027265981943247652e+01
6.261637862810784583e+01
4.980581254339419672e+01
5.482601200655157925e+01
5.039126423480786343e+01
5.592195408627036812e+01
4.214510035863848003e+01
4.711737021873394582e+01
6.391396190630760543e+01
4.909521188721407015e+01
6.918275784064175582e+01
4.751093749733274052e+01
4.406646883867173869e+01
4.580466335396566535e+01
5.450790367027156691e+01
4.875813177254853059e+01
5.158322594713165898e+01
5.070724083278894057e+01
3.999354475087574201e+01
4.974962031936801310e+01
5.573745629624348652e+01
6.292238796562692471e+01
4.341538666979923278e+01
4.317211317840229867e+01
2.782105709663489534e+01
6.005678968284288999e+01
3.432991285309350360e+01
4.513888295162609410e+01
4.761611471827634290e+01
4.931378941419754369e+01
4.283728082605100695e+01
6.031272372992398090e+01
5.250780631698785328e+01
3.567846320715551656e+01
3.768482151886777842e+01
5.559910358547202236e+01
5.114571000686657243e+01
4.866658063455024319e+01
6.078625868039168267e+01
6.685631627421524570e+01
5.556191371874061957e+01
5.646423093065137522e+01
4.061575072320502500e+01
4.443776918955193622e+01
5.375948263231212820e+01
6.933033236537610833e+01
5.111486123897491751e+01
5.685986499272921435e+01
3.405061611938008070e+01
6.935724929510043069e+01
4.655007980277256507e+01
7.165685127564589152e+01
4.930953096734604912e+01
6.419382919208416638e+01
6.279063897440981634e+01
2.867849705562811380e+01
6.262605977124256640e+01
5.553498676910583498e+01
5.947360292312819041e+01
5.145060864061368733e+01
6.580848124258852749e+01
5.854551356522104300e+01
6.928792505989315487e+01
4.156525403437746036e+01
5.093787107481512066e+01
6.949378269970328859e+01
6.489521965925101199e+01
4.854284994222073379e+01
6.641308979143249758e+01
5.972730092755359266e+01
6.088155581507108849e+01
4.014713632682589406e+01
5.983997924560518555e+01
4.177982206464506021e+01
3.407849845716520321e+01
4.928756362146189929e+01
4.065711745455012505e+01
6.458544002258166472e+01
4.562516250710091015e+01
4.529039478033232768e+01
7.265550018411325084e+01
4.031549512335518415e+01
5.187763285906997623e+01
5.547832586675175293e+01
4.342931138839142591e+01
6.302620866465426275e+01
5.024423949022387603e+01
4.595144302968204642e+01
5.051712575704882369e+01
3.708962549261780595e+01
5.648012514957841290e+01
4.341894471682394396e+01
5.085118241959757057e+01
5.278301781386475966e+01
6.034659510221867151e+01
5.062964043807615155e+01
5.352150607467833510e+01
5.661195344560800891e+01
4.931529165703176432e+01
6.166038723178493086e+01
4.652168789460075971e+01
4.683382861853902313e+01
5.678050699154746184e+01
6.843105871462783796e+01
4.821916462774652246e+01
4.838305625235103946e+01
4.134363120782058587e+01
5.269236392648581102e+01
4.706883804630970758e+01
5.877504916436436133e+01
5.985363929871164856e+01
4.678430974879022131e+01
4.902131062130860073e+01
4.231401834333456691e+01
6.742651477816642114e+01
3.962774799712546780e+01
5.546242886399406302e+01
5.301805462616950848e+01
3.315111907292482840e+01
4.435302494038391785e+01
2.381900464317122967e+01
5.743498700752284947e+01
4.930310368428028767e+01
6.931816407364985366e+01
4.368612648830803380e+01
6.076389691191073439e+01
4.608011210340438168e+01
5.607559368511285669e+01
5.366909983785315319e+01
4.932537724317829486e+01
3.494826420324655913e+01
4.298291610224894299e+01
4.047694330999288326e+01
4.307660386012240394e+01
5.772829812915442460e+01
6.474042222561037363e+01
2.951302859747324092e+01
4.702343000346751722e+01
5.602531265249523074e+01
4.898234856347356470e+01
4.383432753712269658e+01
4.957507468040123655e+01
3.461905781054745290e+01
5.628484678306885058e+01
3.588108526412896992e+01
5.823290580736600219e+01
3.675869388139543048e+01
5.493988963881361087e+01
4.665056846971412341e+01
5.453776142058223542e+01
5.419829647789087090e+01
4.200084784492658230e+01
2.480187970733881997e+01
5.489876238202847958e+01
4.449162185786832424e+01
6.316255716030657652e+01
4.496279298632970978e+01
7.098514997157241169e+01
5.505565389038167723e+01
3.403390733681591485e+01
6.289415356877578489e+01
4.845852736142619221e+01
5.465304849035318568e+01
4.792593684071990623e+01
4.076509061787346866e+01
3.623614608602795073e+01
6.398898944398770539e+01
4.899296114083478670e+01
4.968134455579502173e+01
4.255907896481255648e+01
6.269243248324528395e+01
5.530102415310807373e+01
5.655247712768701973e+01
4.447237462226092930e+01
5.542376090182714421e+01
4.801673155760820322e+01
3.741532013354142094e+01
3.846061595926717303e+01
4.843365779921781211e+01
5.697750227232456410e+01
4.539791876969771778e+01
4.336226687644450095e+01
4.910872955709280774e+01
5.155344549180393443e+01
4.297531041525992634e+01
6.772995374897065801e+01
3.620518154916408804e+01
4.173089758825556572e+01
3.152457536479500533e+01
4.482205451948887287e+01
5.902218293799492699e+01
2.947018992354900035e+01
5.198036158878642254e+01
4.548339042867938531e+01
3.676052909498204713e+01
5.174651633602189094e+01
5.055872643503275299e+01
5.309795618702240461e+01
4.540307868290162219e+01
6.277633686906109034e+01
4.792391678946876965e+01
3.796892347796761413e+01
6.135287797248911090e+01
5.466848374027870250e+01
3.756846557315202517e+01
5.875127497599801529e+01
4.799063125013991282e+01
5.339995207797725385e+01
5.399146604636472091e+01
4.915750522317058113e+01
4.863435588049316038e+01
4.146497380690938428e+01
4.475070641984542874e+01
5.705900143489894560e+01
3.982943315215763391e+01
6.145533998394487440e+01
4.935120790149316150e+01
4.913089176453955531e+01
5.317015489411419082e+01
5.367992665195153279e+01
5.818834072214337994e+01
4.383320508860590081e+01
5.556793593511740426e+01
4.906122027764215687e+01
6.004808962878230716e+01
5.051236557027840490e+01
5.996088995622415041e+01
5.015285662200203376e+01
4.724905869497291633e+01
4.072206682845160941e+01
6.702421186092918504e+01
5.415241423056900061e+01
4.884456197315005710e+01
4.463292414956210052e+01
7.723336157569181637e+01
5.039685835996781549e+01
5.592223578864156508e+01
4.250841202453436551e+01
4.231486317567736677e+01
2.718478576661855328e+01
4.771686544000153418e+01
5.660037485677770519e+01
3.748050637702434074e+01
5.919735204538298490e+01
5.085721337645821194e+01
5.810200566557411150e+01
4.435957360374092673e+01
4.499225614356831926e+01
4.718695710414712607e+01
3.642394976315902966e+01
4.492855161854994606e+01
6.095000273861212037e+01
4.859310194472273281e+01
5.009061586721067982e+01
5.649186647743627532e+01
6.401968812136931319e+01
5.512475448291306890e+01
3.810622771187935598e+01
4.795223839605475291e+01
6.738598725667444000e+01
6.173250183486833009e+01
3.137976478807091141e+01
4.174805347012142676e+01
7.342161128928054836e+01
2.417900263019790330e+01
6.749694593568762002e+01
3.621669100750264647e+01
4.186995526157089387e+01
5.899222390644561642e+01
5.803720556420746135e+01
4.587592015518900723e+01
4.856314902212975682e+01
5.562160492728961714e+01
6.613849616004752363e+01
5.172706077034891337e+01
4.829232489310564347e+01
3.230858264915917744e+01
5.022538085822467480e+01
5.299262242260908806e+01
5.335954572890877046e+01
4.850069962739240026e+01
5.015868746182495386e+01
4.894660547388512839e+01
4.221324943072341540e+01
6.032149829054884549e+01
5.419457477894215458e+01
6.831068118629264063e+01
3.997885589057694489e+01
4.455091789451434181e+01
5.797149948725257929e+01
4.388371680251346163e+01
5.193035218104229500e+01
4.746344017741829902e+01
6.578093947705144728e+01
5.504380764358842981e+01
4.037072084208948297e+01
3.328434070942691392e+01
4.368971823690628753e+01
4.436599343565541176e+01
3.869741148757302085e+01
4.244612185022953810e+01
4.885279831745875612e+01
5.429409731227688951e+01
3.836518109881318850e+01
4.403579312133878432e+01
3.727991951176655760e+01
6.301207489968597741e+01
4.129031580539113833e+01
6.037571863640599190e+01
6.024583187796749684e+01
4.090376298891733597e+01
6.038354331764726624e+01
6.839752946729853988e+01
5.844257552760018370e+01
5.575655103909451071e+01
5.066407335934631107e+01
4.645079957325711462e+01
5.565301152773231053e+01
5.173293157153691624e+01
5.113251222791300421e+01
5.380103853564378369e+01
5.658497271716959887e+01
5.355770741063186335e+01
4.424596503341767573e+01
6.681266386921308253e+01
4.997858505839835885e+01
5.043251039364983512e+01
3.696245653009876264e+01
4.297870403808281026e+01
5.251624131405475993e+01
5.636713403517753562e+01
4.627922020532440683e+01
4.195817849477577965e+01
3.580351085707344794e+01
5.265965928911206362e+01
4.527816926430953259e+01
6.261156949563684293e+01
4.915019091857489997e+01
5.059930399277627799e+01
4.176030012228068244e+01
4.031872825648203218e+01
4.945160056984578034e+01
5.205574688670024841e+01
4.025909630400500561e+01
6.775888407738770525e+01
5.349824399990365009e+01
6.522888967037185637e+01
6.448189273583507486e+01
4.630293003948113295e+01
4.298493664135491343e+01
5.503614131776226515e+01
4.888765412651087416e+01
3.891127379317600798e+01
6.782774788840220026e+01
4.728057826433408906e+01
2.420914812676377892e+01
4.048168190690734036e+01
5.876525356673477773e+01
3.535238285380916778e+01
5.934653084938270240e+01
4.902978632420987992e+01
5.924634518209278866e+01
5.071066058184364778e+01
4.165841591254674370e+01
5.905023304793523664e+01
5.794684326757795390e+01
4.683593379206842400e+01
6.194467041425436804e+01
5.187738202206942617e+01
7.111076225999165956e+01
5.282332751409170157e+01
4.119821715714701327e+01
5.601441706977882973e+01
2.992817345776268212e+01
4.505345710097947887e+01
4.197970215420259876e+01
4.526000463512595928e+01
4.541813019199346968e+01
5.854643413710739708e+01
3.373420803047837069e+01
6.864005883389998530e+01
4.275180988102379587e+01
4.930727237683564113e+01
4.162794581235596780e+01
4.907853746329067235e+01
5.472444824204544034e+01
4.972927644928171276e+01
6.079360914190875320e+01
4.415333610681856413e+01
4.754835703564331340e+01
5.971551769465121140e+01
6.597690640998337130e+01
5.243268092409866199e+01
5.439214428981079408e+01
4.161119829450088048e+01
5.849251545155762244e+01
8.805124885643101607e+01
4.059312872753969259e+01
5.467818475024238012e+01
4.054300710723600076e+01
3.950253148704524619e+01
5.832702876765840472e+01
3.279421594273096474e+01
4.640639959986236818e+01
3.174386890006817907e+01
4.647125326528606593e+01
6.180319606184137626e+01
5.472451422435322854e+01
6.522486047275855015e+01
4.847704318877469376e+01
4.061598627096884684e+01
4.826254203385680341e+01
4.984963459668416874e+01
3.849464322648729819e+01
5.032190328050737804e+01
5.621090737664104608e+01
5.733569360075456700e+01
6.366052359914002068e+01
4.403425723153762306e+01
5.017084063144010742e+01
3.477431300271591397e+01
4.967254174520402898e+01
2.990575151199389126e+01
4.551699844043678667e+01
6.608201766193774063e+01
5.264223779752408205e+01
6.659233246136362538e+01
6.024744421103832792e+01
5.008911494007861620e+01
4.779309862155407274e+01
5.501524040829840345e+01
4.012515066027621202e+01
4.728840077933972452e+01
5.263871954876038473e+01
6.865653661667187180e+01
4.815915212593772310e+01
5.895092985593615964e+01
4.951740870533588890e+01
5.903084269417188779e+01
6.439098421097165215e+01
5.802358061263191047e+01
3.606214225634425929e+01
5.376037663507408837e+01
3.804780691717754593e+01
6.327314413510342206e+01
3.681918013327778993e+01
5.448711010486358930e+01
4.581269597828718076e+01
4.238507899897169295e+01
2.616918440233205700e+01
3.730312094049796201e+01
5.516427894256688802e+01
4.875244158769456959e+01
6.483242338754160983e+01
4.427835561091237082e+01
5.348365795594279604e+01
4.082848179417541701e+01
4.297523985118557732e+01
3.558065346059084533e+01
5.621339798238438590e+01
6.255249927989665082e+01
5.687190284040123345e+01
5.532593314782960192e+01
5.110151635623450517e+01
7.301668761676330632e+01
4.395676531428124889e+01
4.227922417576620973e+01
3.974342165927028248e+01
5.486025466150659469e+01
2.823440164935418295e+01
6.309896860405800112e+01
5.286366374529324474e+01
4.545695439875359511e+01
4.910113722513722934e+01
5.082428328138426110e+01
6.301118022656443429e+01
2.941278733519875033e+01
4.886890350068223654e+01
3.867944357020397206e+01
5.069054768278807899e+01
4.748417529986463848e+01
4.432656162116088439e+01
4.929055283838236079e+01
5.053348392339775330e+01
3.675114860360915259e+01
5.772384820828563079e+01
6.188217253924679540e+01
5.703349108244043464e+01
5.855792426975489207e+01
4.377773005498321623e+01
5.897992354850944707e+01
5.597118087492388838e+01
5.068379171525926807e+01
5.508500513696527889e+01
3.846897839275602848e+01
4.156614535998819093e+01
4.989037122016367221e+01
5.861510974364970394e+01
5.442402403898078944e+01
4.932863390207068477e+01
5.363261389094200382e+01
5.158103923126203938e+01
6.330472257406577086e+01
4.448684972720085540e+01
4.783141797898328207e+01
6.552684600230304568e+01
4.790882610924045792e+01
4.182792460597045903e+01
5.593648457137594221e+01
4.041331942480317707e+01
4.990155239942706800e+01
4.886970978439251212e+01
4.393462001446318510e+01
4.282501111189777987e+01
6.697186573936832588e+01
5.753975367722776468e+01
6.320682323337008057e+01
6.193243365905602360e+01
5.371741101254363571e+01
5.769851408792369796e+01
3.757694222529482175e+01
4.676898915795531053e+01
5.056117536787542832e+01
6.675922801739561407e+01
3.296772033343375341e+01
4.376788727628147768e+01
4.404410544970587438e+01
3.602974923971371624e+01
5.851777526412924146e+01
6.192484528677899647e+01
4.857209361175951301e+01
5.342667409549967772e+01
4.634433333909758801e+01
4.877194474546753611e+01
6.088158838324103073e+01
6.605933992741327643e+01
4.248651053874158379e+01
4.134480857146959920e+01
5.760107502861752948e+01
4.091283803210235703e+01
5.121708875821425266e+01
5.050796634525806184e+01
6.797350321149657759e+01
5.752345548994769331e+01
7.002017806482189144e+01
5.740179906353171191e+01
5.055063703471102343e+01
4.639087578654275035e+01
2.642797445778299448e+01
5.968421014539084268e+01
4.550606579733139512e+01
4.761660971555794930e+01
3.724994920726170022e+01
4.116550847779960520e+01
4.446501479057724993e+01
5.460252559709587672e+01
4.507257567225240535e+01
5.216238772375607624e+01
3.260697435689075263e+01
6.091527811609375931e+01
5.297247457949173111e+01
4.977423940059506435e+01
6.303888022779923261e+01
4.580866555263348516e+01
6.419896395558367885e+01
4.029346359740361549e+01
4.500957639382048825e+01
4.111584289919993296e+01
5.910458231363544002e+01
5.884739066172017630e+01
3.369787426656331775e+01
5.166747991007777330e+01
6.118754114147823486e+01
3.294838062925177269e+01
3.874762954439361806e+01
5.695979148185603691e+01
5.548705089676199265e+01
3.465934980577615931e+01
6.204367140343111231e+01
4.869953481219904745e+01
5.567468348868190020e+01
4.196703443792794985e+01
5.565266216418693546e+01
5.654048218317316099e+01
5.195864874773133124e+01
5.885939497835553169e+01
5.788803876390751668e+01
4.085375981863504791e+01
5.273922204954033788e+01
3.391657081314718170e+01
5.459423131090647985e+01
5.938762320914302961e+01
3.710771003289254821e+01
4.214277303274175779e+01
6.044077290847411632e+01
5.366253389406566754e+01
5.849173006356554794e+01
5.936375325594542574e+01
6.488285178974874157e+01
2.820295304006391746e+01
6.442884429749273068e+01
4.868368242976006854e+01
6.044383798567511690e+01
5.173012145288020491e+01
5.930557568542721469e+01
4.607446648017631219e+01
4.439621714330073843e+01
4.984611040623084222e+01
5.424534463798907780e+01
4.019331889039886363e+01
5.662876931984238382e+01
5.321516770211470515e+01
3.389303060091636866e+01
5.930796907267004059e+01
5.154721479840806353e+01
4.497293419314507901e+01
5.506896143761311890e+01
4.009336094000704520e+01
6.070486405330203894e+01
1.306775344675465789e+01
5.073554165388620874e+01
4.489550673238669276e+01
7.027382051740870850e+01
5.733330519728373531e+01
4.359117812193097308e+01
3.458532870730643083e+01
3.967302929517535404e+01
4.176984658987006327e+01
5.323127771865566871e+01
3.767339502924053107e+01
5.262037594431512133e+01
5.784497128845738700e+01
3.893179509926059723e+01
7.050506521117026182e+01
5.358608276445246332e+01
5.403952344474227942e+01
4.054407690275986909e+01
5.216263784844207407e+01
4.611069039808704417e+01
4.122099362190809302e+01
5.207353873532242972e+01
4.102207381150027032e+01
3.550536313116685250e+01
6.263516458101155848e+01
5.655322942731844194e+01
4.577496809683647427e+01
3.813188719951166661e+01
5.399373286432641095e+01
6.680845010550555685e+01
3.368130216557503331e+01
6.102519374787496531e+01
4.257911151837712538e+01
4.924220973968217407e+01
4.654582595613771190e+01
3.899033158676033395e+01
5.048139828418729991e+01
4.743650328405211525e+01
3.779931362985968235e+01
6.023392403847387300e+01
2.651704245470566690e+01
3.826065974215997301e+01
5.711111246393137009e+01
6.838270075251361391e+01
3.744617169660207878e+01
5.619750537480672392e+01
4.488193228902683529e+01
4.200968819323831838e+01
